0   0   0.024210733928007756
0   1   -0.04661974646098327
0   2   -0.16272224443941657
0   3   0.043321812964647426
0   4   0.04810365047331551
0   5   -0.039807169287958
0   6   0.010333956295525196
0   7   0.02360346096916459
0   8   0.08674885729713873
0   9   0.005803606568316651
0   10   -0.005660931130242064
0   11   0.14445223028570545
0   12   0.03542523122548612
0   13   0.06097468458180162
0   14   0.17817847888758448
0   15   -0.05897478919796168
0   16   0.0035538172941795058
0   17   -0.04493671120723954
0   18   -0.07743308997874963
0   19   0.049722056714928624
0   20   -0.05009193064713901
0   21   -0.07998353545528519
0   22   -0.04755312644025999
0   23   0.10737300101600043
0   24   0.0472394460665776
0   25   -0.06212310966539331
0   26   -0.030821244336844376
0   27   -0.07098092864752058
0   28   -0.026235453697425207
0   29   -0.04150602098757936
0   30   0.002804905363294418
0   31   0.06463828889676781
0   32   -0.04220673188159851
0   33   -0.007649055602335589
0   34   0.1476223396164198
0   35   0.08535751381686996
0   36   0.07397348495555187
0   37   0.015530159587778038
0   38   0.010232964729718646
0   39   0.056612693488834354
0   40   0.06282871041526249
0   41   -0.020517157648470726
0   42   -0.0777006512761621
0   43   -0.013373881095900222
0   44   0.03999924967672865
0   45   0.10187169550244078
0   46   0.1058148687226091
0   47   0.009875533670313429
0   48   0.00859189792207342
0   49   -0.1296833043624296
0   50   0.06546586248646374
0   51   0.12714293530615592
0   52   0.03979957180510016
0   53   -0.040924964369776676
0   54   0.03905403587306794
0   55   0.09921868432583572
0   56   0.08757639652993474
0   57   0.007806487122993904
0   58   0.13076350432355116
0   59   0.0465543994264777
0   60   0.12449725720957466
0   61   -0.05741187858731533
0   62   -0.02881242242069888
0   63   0.06940355607608041
0   64   0.08745841716532056
0   65   0.1011323018730231
0   66   0.0
0   67   -0.05678020459428699
0   68   -0.1590240422307187
0   69   0.05265080598385183
0   70   0.16329195773665175
0   71   -0.07215767821604076
0   72   0.09132521608075862
0   73   -0.18898240885689294
0   74   0.03924340276570243
0   75   0.15133371653963826
0   76   0.013966637382931937
0   77   0.1011598478209693
0   78   0.04405758754340662
0   79   0.1404310920231482
0   80   0.0
0   81   -0.013747253475897867
0   82   0.09840147047474228
0   83   -0.051575767116134756
1   0   -0.04661974646098327
1   1   0.09064581515529617
1   2   0.07297606903755287
1   3   0.07564309157859218
1   4   0.00226077743110132
1   5   0.05901876736104892
1   6   -0.05969673723336265
1   7   0.06203657722245103
1   8   0.020026976432135496
1   9   0.002607255315986846
1   10   -0.12016296645209522
1   11   -0.0020948638779875986
1   12   0.04957011175582128
1   13   -0.03796460863011701
1   14   0.12120323783715262
1   15   -0.018419182978247274
1   16   -0.004753743407800592
1   17   -0.04392076030746269
1   18   0.1360427778531664
1   19   0.11905769288830359
1   20   -0.014127904276604635
1   21   0.04352052629652255
1   22   -0.07048406009117715
1   23   -0.015240282205908375
1   24   0.08816841121976705
1   25   -0.03910926017850429
1   26   0.0049859601984389955
1   27   -0.1583954256023904
1   28   0.03933837470217034
1   29   -0.01072233859529945
1   30   0.09690202214980664
1   31   0.08035159619594458
1   32   -0.09614037568894176
1   33   0.09208843858658249
1   34   -0.01586167357190745
1   35   0.020109688068666923
1   36   -0.08256838874980502
1   37   0.005943424153463955
1   38   -0.04161197201886367
1   39   -0.037250745586534954
1   40   0.06089479998885533
1   41   0.0399689919078386
1   42   0.04000459037488619
1   43   -0.014394081546318622
1   44   -0.13019174911584058
1   45   -0.029016006631457925
1   46   0.031565697240722855
1   47   0.008099960509881819
1   48   0.0012456712381122197
1   49   0.028843859484023147
1   50   -0.05725669489148284
1   51   -0.08759940535758393
1   52   -0.0033747828139253457
1   53   0.05799652093545516
1   54   0.03815691738959405
1   55   0.010160882099333952
1   56   -0.09756510808177263
1   57   -0.06178556941789037
1   58   -0.06192222442810375
1   59   0.06346934409901255
1   60   -0.13104515612945358
1   61   -0.046059019320402884
1   62   0.05628846157136804
1   63   0.09296271283902172
1   64   -0.07206951440213433
1   65   0.09753199669008324
1   66   0.005582755605681197
1   67   -0.0278689489710828
1   68   0.09194386662114604
1   69   0.044567057347269755
1   70   0.02788519378573227
1   71   -0.09962282741424744
1   72   0.09418485471874809
1   73   -0.03822212511643159
1   74   -0.06848861659501505
1   75   -0.13592737359384405
1   76   0.0069526633992088634
1   77   -0.10104896368690214
1   78   -0.03512048086635482
1   79   -0.0596451592943939
1   80   0.12394417780560933
1   81   -0.02484037674303168
1   82   0.008942515481955956
1   83   0.09510447690210926
2   0   -0.16272224443941657
2   1   0.07297606903755287
2   2   -0.10321271149987399
2   3   -0.0864641504354187
2   4   -0.07486040296689328
2   5   -0.06474265063435922
2   6   -0.10779526360908562
2   7   -0.07122346814470353
2   8   -0.051232469727958196
2   9   -0.10357773079315405
2   10   -0.10898096187566199
2   11   0.06542972380827347
2   12   0.021348924613087284
2   13   -0.08146215147382874
2   14   0.070236176052139
2   15   -0.06028487064520859
2   16   -0.04293781371594208
2   17   -0.16090003868071373
2   18   -0.11111319323569836
2   19   -0.10479679549804272
2   20   -0.0821686173077532
2   21   -0.16495049035685377
2   22   -0.007111623847007668
2   23   0.05327142866483381
2   24   -0.01974415546531206
2   25   -0.15852992581940992
2   26   -0.15850602932296606
2   27   -0.03599224829380732
2   28   -0.05126789932716974
2   29   -0.06862608981979552
2   30   -0.10354671650020898
2   31   -0.03508417188026022
2   32   -0.0985402680216787
2   33   -0.06036716104762089
2   34   0.05497736277253235
2   35   0.007781151115373353
2   36   -0.060070619250706364
2   37   -0.0320859769027375
2   38   -0.01322829059136805
2   39   -0.04142930789878495
2   40   -0.15591111736338312
2   41   -0.050567795865963286
2   42   -0.09236854635350018
2   43   -0.14784204378208146
2   44   -0.08272446017531802
2   45   -0.1027502926206674
2   46   -0.05748178143865977
2   47   -0.0929782902965222
2   48   0.014525224702456594
2   49   -0.03804792041693643
2   50   -0.09557519336369096
2   51   -0.09345533400149436
2   52   -0.13446873688949484
2   53   0.09031941640819563
2   54   -0.029511912183612612
2   55   -0.06262217676307051
2   56   -0.11114194043623132
2   57   0.01818565661741316
2   58   0.042731701797600205
2   59   -0.023164178691038973
2   60   0.02634012507621585
2   61   -0.1891609366204947
2   62   0.08476284523644383
2   63   0.05804824907809891
2   64   -0.04726686728901775
2   65   -0.04243294418715458
2   66   -0.07703404797860006
2   67   -0.07556577754186426
2   68   -0.012506684900067067
2   69   -0.12667853166225598
2   70   -0.011779962945720293
2   71   -0.09146526482003949
2   72   -0.03903539737688284
2   73   -0.07473090793946682
2   74   -0.10470934765438977
2   75   -0.09911514509148
2   76   -0.10388886571830784
2   77   -0.08435895113731055
2   78   -0.08141983806062489
2   79   -0.019144303846437803
2   80   0.0
2   81   -0.040221869555358995
2   82   -0.07670057395510733
2   83   -0.004574575057650052
3   0   0.043321812964647426
3   1   0.07564309157859218
3   2   -0.0864641504354187
3   3   0.01242663026050285
3   4   -0.038759445396944925
3   5   0.09477478720517266
3   6   0.02987958476889379
3   7   0.05408452641902086
3   8   0.10930978731692502
3   9   0.057496900168744904
3   10   -0.023057015367884886
3   11   0.015497093206127407
3   12   0.02936512083196463
3   13   0.007006699086441474
3   14   0.09059352314708778
3   15   -0.08018579931353263
3   16   -0.06476650678474728
3   17   -0.04744314140712955
3   18   0.01361265127595213
3   19   0.11282654032721247
3   20   0.015091043998654005
3   21   -0.11978074802871001
3   22   -0.05376061840138893
3   23   0.06704280955650746
3   24   0.15588486871609256
3   25   0.04991757350527807
3   26   0.10428985587610985
3   27   0.028927542421425288
3   28   -0.06885347149991301
3   29   0.06497775737326986
3   30   0.0007669313353395211
3   31   -0.07385749506883167
3   32   0.1113489468654961
3   33   0.07478717779115694
3   34   0.03487584763851444
3   35   -0.050403734284471924
3   36   -0.0442653443586043
3   37   0.03823456573980455
3   38   -0.029607108797601162
3   39   0.02305739339339806
3   40   0.0037795077130106636
3   41   0.14739189359592367
3   42   0.0599351772833397
3   43   -0.014365945977459488
3   44   0.016787345460332854
3   45   -0.07220090712174393
3   46   -0.023276845344917287
3   47   -0.06546753815701606
3   48   -0.008733254468274483
3   49   0.009371388370539297
3   50   -0.17390576889748965
3   51   -0.1257526613731524
3   52   0.05414171377447921
3   53   0.11519546126738096
3   54   -0.008045592825523274
3   55   0.0546938598787064
3   56   0.0908249756076159
3   57   0.03236184789064905
3   58   0.13260408322408507
3   59   -0.024780360442597533
3   60   -0.11261433451079814
3   61   -0.08131660883055039
3   62   0.04992779792858605
3   63   -0.01876103265403119
3   64   -0.11351969008923692
3   65   0.0765344510680534
3   66   -0.024438050152238162
3   67   0.07578259274071017
3   68   0.12099771819529272
3   69   -0.0569346765325075
3   70   0.02681942279594795
3   71   0.055104068554692
3   72   -0.006306093037837852
3   73   0.09097034937053221
3   74   0.07915463675821335
3   75   -0.0455041003886508
3   76   -0.011883191082570582
3   77   0.13120892805462797
3   78   0.12943162875626807
3   79   0.0
3   80   -0.027705451842551597
3   81   0.10173284842574173
3   82   -0.026522841405911546
3   83   -0.06562372737755283
4   0   0.04810365047331551
4   1   0.00226077743110132
4   2   -0.07486040296689328
4   3   -0.038759445396944925
4   4   0.04140730626134406
4   5   0.0596260892057865
4   6   0.12341825371893655
4   7   0.06216119100480865
4   8   0.09376514842984278
4   9   -0.08657902243050393
4   10   0.00998220472348906
4   11   -0.04355734597377941
4   12   -0.008121084392305487
4   13   -0.05348516714404568
4   14   -0.10144543980286107
4   15   0.03595926320907441
4   16   -0.16421588108003063
4   17   -0.05034937190683666
4   18   -0.1451949297019272
4   19   -0.05114785234163415
4   20   0.08274334186514888
4   21   0.09374222193981681
4   22   0.1625621718312574
4   23   0.02406216926558743
4   24   -0.05238211040765814
4   25   -0.0075783427674550215
4   26   -0.0020746443060899573
4   27   0.05444228522617665
4   28   -0.12469505024922746
4   29   0.031065895742088782
4   30   0.047887439801906434
4   31   0.07889137098718427
4   32   0.10037739011180008
4   33   0.06111724416413025
4   34   0.07803053033502033
4   35   -0.07652994771545471
4   36   0.09914369940150784
4   37   0.018697750883447144
4   38   0.03544893888515451
4   39   -0.12521228200468956
4   40   0.1660322187111162
4   41   0.10239005636118416
4   42   -0.09399174355752077
4   43   -0.07633605163807693
4   44   -0.18665683266517827
4   45   0.031642270737809876
4   46   0.11276007796844958
4   47   0.060560705068915824
4   48   0.12562077477730832
4   49   0.025022692500377804
4   50   -0.03830493413665419
4   51   0.13157908987087027
4   52   -0.14285879194167128
4   53   0.05614692879479204
4   54   -0.03838747808178592
4   55   0.025633687883171156
4   56   0.030245834662550874
4   57   -0.05994788500125684
4   58   -0.10446581932823205
4   59   0.05799652093545519
4   60   -0.10248209730529464
4   61   -0.04282984247662094
4   62   0.12204021887402722
4   63   0.016446047100585122
4   64   0.229622419235883
4   65   0.058121699828503584
4   66   0.0
4   67   -0.05741187858731525
4   68   0.048858883921873576
4   69   -0.09522712122936634
4   70   0.037796866018610924
4   71   0.03884141232106697
4   72   0.01708587433695402
4   73   0.025022692500377745
4   74   -0.12048082809089032
4   75   -0.0874638660706956
4   76   0.004742798327828761
4   77   -0.01960286402083166
4   78   -0.03548065125823
4   79   0.0
4   80   -0.10676305588177015
4   81   0.008535778282839173
4   82   0.027988507932750723
4   83   0.14455631032327013
5   0   -0.039807169287958
5   1   0.05901876736104892
5   2   -0.06474265063435922
5   3   0.09477478720517266
5   4   0.0596260892057865
5   5   0.050238139321001886
5   6   0.013013468358449243
5   7   0.0532424037740979
5   8   0.08259071322357141
5   9   -0.0322348999043873
5   10   0.06914228741487592
5   11   0.1625516782916381
5   12   -0.08458482154712214
5   13   0.14186624565204653
5   14   0.12428187097968127
5   15   0.06536954849952527
5   16   -0.0894377757616524
5   17   0.1274422699038362
5   18   0.015846121626543055
5   19   0.15460927953634881
5   20   0.03958806637917468
5   21   -0.08211726980358754
5   22   0.004621025751707151
5   23   0.11567947835874115
5   24   -0.021670265149943115
5   25   0.16262222300787468
5   26   0.1319339175047985
5   27   0.030005181408325966
5   28   0.10677687357384694
5   29   0.0018353241721032081
5   30   0.07405165709854195
5   31   0.011076588769791118
5   32   0.04440489847062642
5   33   0.11966281953191087
5   34   0.08645934889332527
5   35   0.07158167668677862
5   36   -0.03439737304938457
5   37   0.07122089719375035
5   38   -0.03583892423098776
5   39   -0.0032855119393880488
5   40   0.04801878728887818
5   41   0.11683315363810352
5   42   0.04230519553654351
5   43   0.0896854164231109
5   44   0.1636479501459046
5   45   0.10584371151278758
5   46   0.0007870662265667784
5   47   0.057449257129911314
5   48   0.0812378675609018
5   49   0.04015861141918686
5   50   0.10014788504571866
5   51   0.1554413843201856
5   52   -0.05566336439684391
5   53   0.03326526486864222
5   54   0.06163665149516192
5   55   0.08127083080733481
5   56   0.029256850920043473
5   57   0.04649080368822268
5   58   -0.036895368042107676
5   59   0.08115691326501154
5   60   0.12253036346212741
5   61   0.03430992230029891
5   62   0.05095788709913115
5   63   -0.05310671145484027
5   64   -0.03805116269255037
5   65   -0.059102276040596625
5   66   0.09092359126286546
5   67   -0.00628578783974695
5   68   0.1713117867517829
5   69   -0.041841188612177185
5   70   0.22307038123787976
5   71   -0.02065285700506297
5   72   0.0377283740016537
5   73   0.0794507996451079
5   74   0.1326455078400846
5   75   -0.09009287103305778
5   76   -0.015390128592239812
5   77   0.07435114415387824
5   78   0.1546956725182331
5   79   0.052938554226592674
5   80   0.03601050300524439
5   81   0.07693024897703504
5   82   -0.01614293492930272
5   83   -0.024546065931833224
6   0   0.010333956295525196
6   1   -0.05969673723336265
6   2   -0.10779526360908562
6   3   0.02987958476889379
6   4   0.12341825371893655
6   5   0.013013468358449243
6   6   -0.0518504036686139
6   7   0.028948315151072372
6   8   0.05751472905555023
6   9   -0.03297687253368834
6   10   0.05401839283154182
6   11   0.06857747458969171
6   12   0.045570157417941834
6   13   -0.007145496029990297
6   14   0.14572805347438603
6   15   0.10929328718218886
6   16   -0.04431669253312381
6   17   0.10327802200474276
6   18   -0.20992351492863914
6   19   0.04587004206676186
6   20   -0.06622793014434601
6   21   -0.1780210544166397
6   22   -0.07914124508458795
6   23   0.035884163040587114
6   24   0.025708609735683414
6   25   -0.10733595251290017
6   26   -0.013149234022862307
6   27   0.07760177679500346
6   28   -0.059082588707219504
6   29   -0.14798728062606922
6   30   0.1407275533592346
6   31   -0.024664733989781744
6   32   0.0007772740319449078
6   33   0.047105191537897675
6   34   -0.009116290259892664
6   35   -0.007186917099067722
6   36   -0.056754583522240894
6   37   -0.03890667756729721
6   38   0.007748352296680316
6   39   -0.00770681106702518
6   40   -0.0765394911773755
6   41   0.02647345726151802
6   42   -0.019025978474213865
6   43   -0.05133966588417678
6   44   -0.10326868063127889
6   45   0.12660240413483062
6   46   -0.09115243606991186
6   47   -0.014553863711273922
6   48   0.049933896321619355
6   49   0.04041408465949633
6   50   0.047481936480991666
6   51   -0.13233730690267068
6   52   -0.004392669491151537
6   53   -0.06244419928212922
6   54   0.01317691697679202
6   55   -0.0560018630161815
6   56   -0.03162243594503135
6   57   0.08054194099423154
6   58   0.08509495095025174
6   59   0.02396454337603227
6   60   0.07574427863523946
6   61   0.031991324913035996
6   62   0.00546028954867922
6   63   0.0400796596075761
6   64   0.19262054858084374
6   65   -0.06718443571793108
6   66   -0.08913449909816645
6   67   0.1668977589178907
6   68   0.08506151733746391
6   69   -0.11806193939888772
6   70   -0.04401368450652029
6   71   -0.018451770289094584
6   72   0.011575465263627483
6   73   -0.01001961079134634
6   74   -0.0019941184820041194
6   75   -0.0673340651343579
6   76   0.022949918579569618
6   77   -0.13268740768591963
6   78   0.047538193404352655
6   79   0.041509606717916515
6   80   -0.039279130869192776
6   81   -0.04626070656230774
6   82   -0.15438677889523866
6   83   0.004493914049737724
7   0   0.02360346096916459
7   1   0.06203657722245103
7   2   -0.07122346814470353
7   3   0.05408452641902086
7   4   0.06216119100480865
7   5   0.0532424037740979
7   6   0.028948315151072372
7   7   0.09360158479023481
7   8   0.1914664309228613
7   9   0.10705988704923342
7   10   -0.006397522918270356
7   11   0.08099448416356131
7   12   0.13312411209577082
7   13   0.07712509862033051
7   14   0.061448242805156386
7   15   -0.01893446531990393
7   16   0.03729476093817693
7   17   0.00870490983429802
7   18   0.0587792336816112
7   19   0.10017036588662116
7   20   0.033428414851895794
7   21   -0.03634970315869555
7   22   -0.023482223648511154
7   23   0.09844321830676742
7   24   -0.04634623129400839
7   25   -0.14970951648079914
7   26   0.05980311387022544
7   27   0.03298713319627722
7   28   0.07730507010396494
7   29   0.03536538036026263
7   30   0.023926267133384607
7   31   -0.03244103822610435
7   32   -0.06548124913645087
7   33   0.03665076475813568
7   34   -0.08912665831740404
7   35   0.12671736019081678
7   36   0.020846992911950784
7   37   0.05580367882898397
7   38   0.03020009732796976
7   39   0.0859383981791861
7   40   0.10886960460192649
7   41   0.04887270787970591
7   42   0.0030406887642779133
7   43   0.0016804540340606474
7   44   -0.04069675322912063
7   45   0.13902141369431484
7   46   0.020689262376902072
7   47   0.07103600478880069
7   48   0.06637257708152355
7   49   0.05667240680396004
7   50   0.05705380204401882
7   51   0.10852762977838668
7   52   0.1341472159542856
7   53   0.09049794989838453
7   54   0.33628560977381244
7   55   0.09158033319786724
7   56   0.1794165608635559
7   57   0.02825535618959123
7   58   0.05604832009970854
7   59   0.00794692884647601
7   60   0.07741612790901273
7   61   0.00041523065127102907
7   62   0.16161167230474097
7   63   0.08101015397739995
7   64   0.08056798174714423
7   65   0.016032927142724467
7   66   0.121938540545511
7   67   0.15810002482759097
7   68   0.07254050280495937
7   69   0.23041781080761958
7   70   0.03477050685551312
7   71   0.15331941275074437
7   72   0.040368330024776834
7   73   0.042310688199795
7   74   -0.019302378451059667
7   75   -0.03594180097082777
7   76   0.03506452031792192
7   77   0.10840128389431633
7   78   0.07163633435680726
7   79   0.0754771260030243
7   80   -0.0030623239844840187
7   81   -0.015795050311019906
7   82   0.10519476222693354
7   83   -0.03604468477818772
8   0   0.08674885729713873
8   1   0.020026976432135496
8   2   -0.051232469727958196
8   3   0.10930978731692502
8   4   0.09376514842984278
8   5   0.08259071322357141
8   6   0.05751472905555023
8   7   0.1914664309228613
8   8   0.13701555393268186
8   9   0.06160716259762736
8   10   -0.07238829837630067
8   11   0.0883265393139112
8   12   -0.07178557852004745
8   13   0.05116318758209375
8   14   0.1479399220410251
8   15   0.09929181119762116
8   16   0.11651089094170239
8   17   -0.09774515577260218
8   18   -0.14916287098618664
8   19   0.09636277728703858
8   20   -0.0097280689561373
8   21   0.15451626512001962
8   22   -0.0418785955775254
8   23   0.05855218413299155
8   24   -0.013350327880962416
8   25   -0.039842684036814964
8   26   -0.0025687498119045253
8   27   0.020353651272177167
8   28   -0.08549762115018311
8   29   0.03351965333820334
8   30   0.022062633092654705
8   31   -0.06065093163029062
8   32   -0.035352978451915706
8   33   -0.07186159447692442
8   34   -0.06295152397241982
8   35   -0.07060759511243794
8   36   -0.07399955119702027
8   37   0.004168155135444749
8   38   -0.02123468038741713
8   39   0.0649470982746841
8   40   -0.03430947197961961
8   41   -0.03169820712917483
8   42   -0.025775429879558866
8   43   -0.03014189914403803
8   44   0.015959913583442127
8   45   0.04398083893393847
8   46   0.011830673775822134
8   47   0.14157883612241842
8   48   0.0038335552574781475
8   49   0.0924699504205996
8   50   -0.18158378814102807
8   51   -0.052744364069323514
8   52   0.03829606061561998
8   53   0.07789942996188885
8   54   -0.06978220076570883
8   55   -0.033530548593897945
8   56   0.1265903423140416
8   57   0.025864715787386906
8   58   0.06914624966182839
8   59   0.09725963933144222
8   60   0.02085229663416029
8   61   0.0221918562064367
8   62   0.058198407566864695
8   63   0.03528702478415982
8   64   0.09427937546371407
8   65   0.05107058768880828
8   66   0.1325398075556422
8   67   -0.03488285428896732
8   68   0.05633720714843649
8   69   0.08108244226889913
8   70   -0.004479170955177136
8   71   0.02323954393614864
8   72   0.03338363489063092
8   73   -0.07123166899273818
8   74   -0.1045224304461275
8   75   -0.010156649699775332
8   76   0.03119418773976563
8   77   0.017896463749671764
8   78   0.02798999552965501
8   79   0.04023273653035511
8   80   0.08799872826358392
8   81   0.004541327708721025
8   82   0.06737364355163658
8   83   0.1271098993833821
9   0   0.005803606568316651
9   1   0.002607255315986846
9   2   -0.10357773079315405
9   3   0.057496900168744904
9   4   -0.08657902243050393
9   5   -0.0322348999043873
9   6   -0.03297687253368834
9   7   0.10705988704923342
9   8   0.06160716259762736
9   9   0.0348455167829002
9   10   0.0659157949319499
9   11   0.05251389296429637
9   12   -0.039924947511800285
9   13   0.10016997651468193
9   14   0.15051961101190062
9   15   -0.005068912761975649
9   16   -0.06717207548993845
9   17   0.01504068288918993
9   18   -0.09704409317961757
9   19   0.13915969351583407
9   20   -0.10635092200085658
9   21   -0.027187703097325593
9   22   0.09068267644484404
9   23   0.001928926926444229
9   24   -0.04638961268353672
9   25   0.0908865512870746
9   26   -0.07647836682149028
9   27   0.04133670693398203
9   28   0.046725524622076436
9   29   -0.01537799331530737
9   30   0.115400023807359
9   31   0.03304018059532239
9   32   -0.07940176209028897
9   33   0.0020253187863190406
9   34   -0.04474988606378255
9   35   0.0015245286094429228
9   36   -0.07761025140465677
9   37   -0.006374686393315138
9   38   -0.06484512165908193
9   39   0.06712142300251667
9   40   0.020754195599937984
9   41   0.09090781948201164
9   42   0.017431255723504444
9   43   0.14161936674443376
9   44   0.004776019123448186
9   45   0.13116913737890024
9   46   -0.02666905611210681
9   47   0.10608583613992768
9   48   0.017859669012475148
9   49   -0.05853113289200505
9   50   0.04455402592768696
9   51   0.08936123460223988
9   52   0.002982689651972226
9   53   0.03392093219486819
9   54   0.06599039136881948
9   55   0.05083715005518671
9   56   0.037726432469047055
9   57   -0.01599865401853369
9   58   0.1169573793621921
9   59   0.07584441982511121
9   60   0.08088362941062206
9   61   0.10945460665828087
9   62   -0.1006193478668994
9   63   0.1867777641357618
9   64   0.11543710828734768
9   65   -0.1489427788747046
9   66   0.01685327109829593
9   67   -0.12997172495351733
9   68   0.11231778492094842
9   69   0.08049260163757042
9   70   0.023258580185661484
9   71   0.045615024863100304
9   72   0.006163975830754073
9   73   0.09146295427342212
9   74   -0.01790197395560212
9   75   0.11539903248410908
9   76   0.05437126527169366
9   77   -0.005103149800503828
9   78   0.05738510621205158
9   79   0.0
9   80   0.11326861246885413
9   81   0.06960516867950153
9   82   -0.0257959534589176
9   83   0.013278550892463842
10   0   -0.005660931130242064
10   1   -0.12016296645209522
10   2   -0.10898096187566199
10   3   -0.023057015367884886
10   4   0.00998220472348906
10   5   0.06914228741487592
10   6   0.05401839283154182
10   7   -0.006397522918270356
10   8   -0.07238829837630067
10   9   0.0659157949319499
10   10   0.025656130595382968
10   11   0.03819796493793093
10   12   0.10992073128590354
10   13   -0.10163503342733599
10   14   0.041094105378397375
10   15   0.03036898886076797
10   16   -0.1082032558372202
10   17   -0.07795410383884521
10   18   -0.0612915162222655
10   19   -0.03465071927487224
10   20   -0.13868852888444133
10   21   0.14268867074307448
10   22   0.0019140280047707779
10   23   0.07333306465053457
10   24   -0.05787261802458471
10   25   0.05405182307584327
10   26   -0.0841165772398848
10   27   0.062338898208864596
10   28   -0.0437562350809633
10   29   -0.012629135427002763
10   30   -0.017320032291245523
10   31   -0.018546910077939016
10   32   0.09895354124782724
10   33   0.006900664318534196
10   34   0.23414096829169997
10   35   -0.03713940325045331
10   36   -0.02375182854908271
10   37   0.009066959199210616
10   38   -0.05821574399712284
10   39   -0.10929305632109303
10   40   0.13596118567150445
10   41   0.06175893302729286
10   42   0.27004618878573666
10   43   0.03354120496213663
10   44   0.13007469380918532
10   45   -0.0860058008231792
10   46   0.0413578193179955
10   47   0.04406195298957135
10   48   0.014369859981346267
10   49   0.024206285273584652
10   50   -0.10136821871523388
10   51   0.010528074255351773
10   52   -0.040677551948790476
10   53   -0.04831176956675219
10   54   -0.10179895907946683
10   55   0.005901192860224578
10   56   0.08379896967033429
10   57   0.04437156991388998
10   58   0.03703136858084982
10   59   -0.05258616076186025
10   60   0.058095712735345216
10   61   -0.0311688955484526
10   62   0.029234819468170442
10   63   0.14126400137987197
10   64   0.0037674642567770552
10   65   -0.04584591951086992
10   66   -0.11709315911963844
10   67   0.05832506879923431
10   68   0.03822151455534843
10   69   -0.016624223366280184
10   70   -0.1607301262341743
10   71   -0.00454787170191546
10   72   0.05782131931533731
10   73   -0.0064172715554843785
10   74   -0.07683112809966917
10   75   -0.09839918433218763
10   76   0.09823313007270819
10   77   0.1264869752210686
10   78   0.10072279174397034
10   79   -0.12190528848766562
10   80   -0.006925462817352638
10   81   0.10422967073224987
10   82   0.04748537600217495
10   83   -0.033384652955058214
11   0   0.14445223028570545
11   1   -0.0020948638779875986
11   2   0.06542972380827347
11   3   0.015497093206127407
11   4   -0.04355734597377941
11   5   0.1625516782916381
11   6   0.06857747458969171
11   7   0.08099448416356131
11   8   0.0883265393139112
11   9   0.05251389296429637
11   10   0.03819796493793093
11   11   0.1754601871753769
11   12   -0.1514179292258505
11   13   0.1031005729846166
11   14   0.13209326293123275
11   15   0.09426286709283094
11   16   -0.24938777781766552
11   17   0.11181478371461559
11   18   0.017576652188515528
11   19   0.10796590250523841
11   20   -0.029959044388438463
11   21   0.14953155430533163
11   22   0.02544625330077717
11   23   0.0336988062807649
11   24   0.04223817730866659
11   25   -0.061767322886660404
11   26   0.10829913739935132
11   27   0.0022486772959038432
11   28   0.0447054098176449
11   29   0.03997907174698
11   30   0.1868820235777157
11   31   0.15147013957879943
11   32   0.07088846066465083
11   33   0.06728952375499904
11   34   -0.041131670132368355
11   35   0.04066738965602258
11   36   0.042619485402739056
11   37   0.049088180780100535
11   38   -0.0553583470962786
11   39   0.08397470843410844
11   40   0.1107331091760938
11   41   0.008326388062631853
11   42   0.045171075872854516
11   43   0.0982809076499479
11   44   0.07510628425494466
11   45   0.10725697955900443
11   46   -0.08858321106221723
11   47   0.07035720088790899
11   48   0.11541653622854772
11   49   -0.021193529313945927
11   50   0.17786846299145892
11   51   -0.04324915203237144
11   52   -0.028165485198938675
11   53   0.1438789607452199
11   54   0.19160012371404045
11   55   -0.0741638519070476
11   56   0.17607816118673322
11   57   0.09020735929045572
11   58   -0.007353597072941794
11   59   0.08612744181388382
11   60   0.03330151701773804
11   61   -0.023663822119675534
11   62   0.0010055784040173114
11   63   -0.040113340443805386
11   64   -0.05102986773982023
11   65   0.026098227226781918
11   66   0.0
11   67   0.013046282352745294
11   68   0.02774835674541115
11   69   -0.07036701743941674
11   70   0.041097581725485444
11   71   -0.038864484851752146
11   72   0.03335389842202003
11   73   0.09198206188133619
11   74   0.05393704664618684
11   75   0.09538520907910163
11   76   -0.022256772989312033
11   77   0.006242009418351596
11   78   -0.00798111102408784
11   79   0.03609813958666216
11   80   0.05216578592459956
11   81   -0.14482613849525247
11   82   -0.08076112319797464
11   83   -0.12043833267178453
12   0   0.03542523122548612
12   1   0.04957011175582128
12   2   0.021348924613087284
12   3   0.02936512083196463
12   4   -0.008121084392305487
12   5   -0.08458482154712214
12   6   0.045570157417941834
12   7   0.13312411209577082
12   8   -0.07178557852004745
12   9   -0.039924947511800285
12   10   0.10992073128590354
12   11   -0.1514179292258505
12   12   0.13532015760158747
12   13   0.03112856745497244
12   14   0.10599998591302866
12   15   -0.037987768343953975
12   16   -0.11282785660605042
12   17   -0.01671946028327102
12   18   0.04918813798176115
12   19   0.1115934347849174
12   20   0.09850700688657887
12   21   -0.023665461630641437
12   22   -0.036917717401134705
12   23   -0.03208804094834178
12   24   0.0639057800245374
12   25   0.13409317218804842
12   26   0.052365886561117424
12   27   -0.050102686421499426
12   28   0.0723784216680812
12   29   0.20596597397775065
12   30   0.010689713992551534
12   31   0.14057900103557733
12   32   0.04668278412553541
12   33   -0.03172735977636523
12   34   -0.015162698164934338
12   35   0.05177650747274798
12   36   0.0002514964746869822
12   37   0.017129175645630986
12   38   -0.1293728705927973
12   39   0.0006817894150503116
12   40   -0.11734547605076096
12   41   0.10104141530602898
12   42   -0.06149919777978253
12   43   0.10423749991158122
12   44   0.09776557977564203
12   45   0.09111634035792958
12   46   -0.06764390910476423
12   47   0.02175071906306352
12   48   0.12816919296743756
12   49   -0.15433725707327117
12   50   -0.03443489331851544
12   51   0.08308320021423507
12   52   -0.027029553663353325
12   53   0.10581697938336498
12   54   0.05900294119906534
12   55   0.078436557524772
12   56   0.021391298742290784
12   57   0.025347846766023748
12   58   0.1049614910581458
12   59   -0.059043020309669396
12   60   0.04222553440390009
12   61   -0.014051960094888247
12   62   0.03365391463068917
12   63   0.05408202557864398
12   64   0.04561919656510473
12   65   0.16901654441592953
12   66   -0.0996650650549457
12   67   0.04811878942960023
12   68   0.10558084141373653
12   69   -0.11000761329652387
12   70   -0.04363064008324101
12   71   -0.18526218296028799
12   72   -0.08996523576670609
12   73   -0.04300113984860873
12   74   -0.03779975995300175
12   75   -0.09249368550979359
12   76   0.06459215743882128
12   77   0.11755871639078733
12   78   0.1639343884542364
12   79   -0.15683282870175927
12   80   0.21279600205363858
12   81   0.09661040966269226
12   82   -0.04765467077886107
12   83   -0.036026346227836015
13   0   0.06097468458180162
13   1   -0.03796460863011701
13   2   -0.08146215147382874
13   3   0.007006699086441474
13   4   -0.05348516714404568
13   5   0.14186624565204653
13   6   -0.007145496029990297
13   7   0.07712509862033051
13   8   0.05116318758209375
13   9   0.10016997651468193
13   10   -0.10163503342733599
13   11   0.1031005729846166
13   12   0.03112856745497244
13   13   0.012364435586278196
13   14   0.006754875104873456
13   15   0.03207941987293876
13   16   -0.010138211297197925
13   17   -0.005666807900788179
13   18   -0.07048921551255587
13   19   0.08227530476240343
13   20   -0.058995526052926996
13   21   0.09587764848690894
13   22   -0.050105202022170364
13   23   0.01469540532341937
13   24   0.12144533844905743
13   25   -0.09033722893798216
13   26   -0.05907479993035104
13   27   0.014686617050076954
13   28   0.00781655573959846
13   29   -0.06102512943989309
13   30   -0.004816621431032969
13   31   -0.0708004102968993
13   32   -0.04314272270476754
13   33   0.005630151536582544
13   34   0.09852601127992953
13   35   0.06552514435814613
13   36   -0.008984473489483473
13   37   0.02545481723263767
13   38   -0.06546006224363667
13   39   0.1251662303097575
13   40   -0.12400456001531801
13   41   0.09717667202457832
13   42   -0.032605895743652046
13   43   -0.06641828183718954
13   44   0.06651351569173666
13   45   0.02691124552408412
13   46   -0.056030859147211814
13   47   0.07844576570312396
13   48   0.02527203434296129
13   49   -0.045594743526594296
13   50   0.011285600386056398
13   51   -0.06433020999617214
13   52   0.13788136210221374
13   53   0.05160529064577789
13   54   0.1253284858769816
13   55   0.08869164977087349
13   56   0.23626423433052512
13   57   -0.016016312895339863
13   58   0.01766597814452255
13   59   0.14337728487790571
13   60   0.13031465057415786
13   61   0.0109580838403742
13   62   0.11417422222617825
13   63   0.00861132249710775
13   64   0.07577456787528807
13   65   -0.007139994926937647
13   66   -0.02948603289021492
13   67   0.06215341212302355
13   68   -0.023316764055569802
13   69   0.006822334616520033
13   70   0.03084275880511165
13   71   0.10576975240419503
13   72   -0.02099765476209388
13   73   0.006215143912546289
13   74   -0.04642253261389149
13   75   -0.03367927224368352
13   76   -0.001211008282450729
13   77   -0.06908000754395521
13   78   -0.027391138795487897
13   79   -0.025110986516754526
13   80   0.08709465140676192
13   81   0.09552663880296916
13   82   0.1071173623208154
13   83   -0.060463636366924
14   0   0.17817847888758448
14   1   0.12120323783715262
14   2   0.070236176052139
14   3   0.09059352314708778
14   4   -0.10144543980286107
14   5   0.12428187097968127
14   6   0.14572805347438603
14   7   0.061448242805156386
14   8   0.1479399220410251
14   9   0.15051961101190062
14   10   0.041094105378397375
14   11   0.13209326293123275
14   12   0.10599998591302866
14   13   0.006754875104873456
14   14   0.05655744276829303
14   15   0.16238565834282476
14   16   -0.014496072359094095
14   17   0.013614560134965441
14   18   0.05696327969583514
14   19   0.15443013111743895
14   20   0.12682768754888096
14   21   0.0945910509579746
14   22   0.05924878165382748
14   23   0.10910510623230744
14   24   -0.0050138353078557655
14   25   0.06611802268745001
14   26   0.019783268636543044
14   27   0.07791593776464424
14   28   0.02186301215529832
14   29   0.06292113156642076
14   30   0.07573111913855972
14   31   -0.07252384416819302
14   32   0.0516332777718635
14   33   0.03600419897765241
14   34   0.09603204154946608
14   35   0.06561119185623081
14   36   0.01768702771997389
14   37   0.03147145800331205
14   38   0.20376370181071954
14   39   -0.043655333691916015
14   40   -0.012143249462602382
14   41   -0.01050204410555918
14   42   -0.019429988852272897
14   43   0.027876003905459353
14   44   0.16215418107555132
14   45   0.1158366504888288
14   46   0.1726079434729803
14   47   0.029584234082774084
14   48   -0.03834523738316059
14   49   0.016146630831972292
14   50   0.00876247966635453
14   51   0.1667103946181786
14   52   -0.07234779717507996
14   53   -0.029212452791819235
14   54   0.06026505735193455
14   55   -0.016729736380732146
14   56   0.06518782763674222
14   57   -0.0033210424063393365
14   58   0.12999862516498725
14   59   0.10033932314134779
14   60   0.07008659712710755
14   61   -0.05208498198601244
14   62   0.061711058708545485
14   63   -0.022115774588824536
14   64   0.1864459601474415
14   65   -0.2153065119550904
14   66   0.14402171798852545
14   67   0.056163250402882677
14   68   0.07076655843552138
14   69   0.0597800189090358
14   70   -0.07977363540708515
14   71   0.10364094184166374
14   72   0.021831452448165378
14   73   0.033286793863783304
14   74   0.11181942264552847
14   75   0.130475211029921
14   76   0.016476736132401457
14   77   -0.008162070060201925
14   78   0.09947920657471869
14   79   0.08105416769554073
14   80   0.1160596626296584
14   81   0.12825186762883592
14   82   0.06019882454294994
14   83   0.07357848316647715
15   0   -0.05897478919796168
15   1   -0.018419182978247274
15   2   -0.06028487064520859
15   3   -0.08018579931353263
15   4   0.03595926320907441
15   5   0.06536954849952527
15   6   0.10929328718218886
15   7   -0.01893446531990393
15   8   0.09929181119762116
15   9   -0.005068912761975649
15   10   0.03036898886076797
15   11   0.09426286709283094
15   12   -0.037987768343953975
15   13   0.03207941987293876
15   14   0.16238565834282476
15   15   0.14790514442809158
15   16   -0.024207620633769703
15   17   0.05110233844450403
15   18   0.13339618889266971
15   19   -0.14126561856218967
15   20   -0.04259292581608112
15   21   0.051064444321051505
15   22   0.18442070584264936
15   23   0.07290120883570171
15   24   -0.011935164338675688
15   25   -0.026222895450774195
15   26   0.14139424768873818
15   27   0.12939565672365796
15   28   0.014176477223741959
15   29   -0.009798216328549226
15   30   -0.011781812321613096
15   31   -0.09207761319280482
15   32   0.0653295349299047
15   33   0.06427662402405702
15   34   0.07880523750930653
15   35   0.003448923891501836
15   36   0.0006581550204790891
15   37   0.08583208994323192
15   38   0.08965689320302843
15   39   0.04906368730303526
15   40   0.03427093451043934
15   41   0.12417031789739665
15   42   0.03265704211241658
15   43   -0.04280826956931519
15   44   0.05982970519004249
15   45   -0.039124998648738696
15   46   0.1444122274430632
15   47   -0.002791019220860049
15   48   0.04150960671791641
15   49   -0.02289273835211136
15   50   -0.04069656940917032
15   51   0.010901117818217251
15   52   0.11834224144696516
15   53   -0.023547346027882367
15   54   0.11423275243893127
15   55   0.03515880885622239
15   56   0.13109904435563377
15   57   -0.02994900134067949
15   58   0.16124492569266635
15   59   -0.026614108986852448
15   60   0.01290427392288954
15   61   -0.07737767332288044
15   62   0.09176797300972203
15   63   0.17387739653249937
15   64   0.08022038437301876
15   65   0.07532421995026835
15   66   -0.025605073208062424
15   67   -0.02360469160421302
15   68   -0.01819585865804626
15   69   0.0071820097466262665
15   70   0.021197357514568194
15   71   0.016107060944507243
15   72   0.0031274997682325515
15   73   -0.06332158040174199
15   74   0.0009783375204170373
15   75   -0.015809040798729336
15   76   0.015943890842496873
15   77   0.0644625702276827
15   78   0.08504717946592165
15   79   0.040720334930762075
15   80   0.04150960671791643
15   81   0.011248738089960218
15   82   0.014562247526222084
15   83   0.19076214036150047
16   0   0.0035538172941795058
