0	0	0.02098588531615645
0	1	0.011965202508292005
0	2	n/a
0	3	0.06124965694049104
0	4	n/a
0	5	n/a
0	6	n/a
0	7	n/a
0	8	n/a
0	9	0.006486988928578608
0	10	n/a
0	11	n/a
0	12	n/a
0	13	0.008783923592089607
0	14	n/a
0	15	n/a
0	16	n/a
0	17	n/a
0	18	n/a
0	19	n/a
0	20	n/a
0	21	n/a
0	22	n/a
0	23	0.07106707916133921
0	24	n/a
0	25	n/a
0	26	n/a
0	27	n/a
0	28	n/a
0	29	n/a
0	30	0.04919077481822634
0	31	0.02631851828950596
0	32	0.06499060590804799
0	33	n/a
0	34	0.004662844114325941
0	35	n/a
0	36	n/a
0	37	0.01850232927385743
0	38	n/a
0	39	n/a
0	40	n/a
0	41	0.12842101883331689
0	42	n/a
0	43	0.004868840039138822
0	44	n/a
0	45	0.08851189409155194
0	46	n/a
0	47	n/a
0	48	0.021922780883194798
0	49	n/a
0	50	n/a
0	51	n/a
0	52	n/a
0	53	n/a
0	54	0.12755436180873872
0	55	n/a
0	56	n/a
0	57	0.11602873195752701
0	58	n/a
0	59	n/a
0	60	n/a
0	61	0.04135542221197762
0	62	0.052578540870800196
0	63	0.05437157674947248
0	64	0.08199121349844217
0	65	n/a
0	66	0.0
0	67	0.13840000625207485
0	68	n/a
0	69	0.10990006816649846
0	70	0.11223940440068682
0	71	n/a
0	72	n/a
0	73	0.07184921785845093
0	74	n/a
0	75	n/a
0	76	n/a
0	77	0.08894159612101471
0	78	0.1414427853901222
0	79	0.0413554222119777
0	80	0.0
0	81	0.0028020597826168806
0	82	n/a
0	83	n/a
1	0	0.011965202508292005
1	1	0.10095621150634868
1	2	n/a
1	3	0.1825033901116914
1	4	n/a
1	5	n/a
1	6	n/a
1	7	n/a
1	8	n/a
1	9	n/a
1	10	n/a
1	11	n/a
1	12	n/a
1	13	n/a
1	14	n/a
1	15	0.0038653431299686984
1	16	0.04757872242908783
1	17	n/a
1	18	n/a
1	19	n/a
1	20	n/a
1	21	n/a
1	22	n/a
1	23	0.014779063326349753
1	24	n/a
1	25	n/a
1	26	n/a
1	27	n/a
1	28	0.002356951016061054
1	29	n/a
1	30	0.09907204540955807
1	31	n/a
1	32	n/a
1	33	0.08213396649107883
1	34	n/a
1	35	n/a
1	36	n/a
1	37	0.05489870553078936
1	38	n/a
1	39	n/a
1	40	n/a
1	41	0.0897257682832347
1	42	n/a
1	43	0.009129139280678248
1	44	0.024124300423913822
1	45	n/a
1	46	n/a
1	47	n/a
1	48	n/a
1	49	n/a
1	50	n/a
1	51	n/a
1	52	n/a
1	53	n/a
1	54	0.09723252120864774
1	55	n/a
1	56	n/a
1	57	n/a
1	58	n/a
1	59	0.1750667596898963
1	60	n/a
1	61	0.05539679006169679
1	62	0.011715976182938001
1	63	0.0960557195517203
1	64	0.021072650117153764
1	65	0.045573300682643245
1	66	n/a
1	67	n/a
1	68	0.12504429709109638
1	69	0.11069412043274177
1	70	0.053969048437552035
1	71	0.06453787678689457
1	72	0.10047252451020702
1	73	0.10792264207408127
1	74	0.016467834892274377
1	75	0.06200632882168992
1	76	0.06261740326147798
1	77	0.0037105825644523634
1	78	n/a
1	79	0.01317174464579187
1	80	n/a
1	81	n/a
1	82	n/a
1	83	0.057307452707792035
2	0	n/a
2	1	n/a
2	2	n/a
2	3	n/a
2	4	n/a
2	5	n/a
2	6	n/a
2	7	n/a
2	8	n/a
2	9	n/a
2	10	n/a
2	11	n/a
2	12	n/a
2	13	n/a
2	14	n/a
2	15	n/a
2	16	n/a
2	17	n/a
2	18	n/a
2	19	n/a
2	20	n/a
2	21	n/a
2	22	n/a
2	23	n/a
2	24	n/a
2	25	n/a
2	26	n/a
2	27	n/a
2	28	n/a
2	29	n/a
2	30	n/a
2	31	n/a
2	32	n/a
2	33	n/a
2	34	n/a
2	35	n/a
2	36	n/a
2	37	n/a
2	38	n/a
2	39	n/a
2	40	n/a
2	41	n/a
2	42	n/a
2	43	n/a
2	44	n/a
2	45	n/a
2	46	n/a
2	47	n/a
2	48	n/a
2	49	n/a
2	50	n/a
2	51	n/a
2	52	n/a
2	53	n/a
2	54	n/a
2	55	n/a
2	56	n/a
2	57	n/a
2	58	n/a
2	59	n/a
2	60	n/a
2	61	n/a
2	62	n/a
2	63	n/a
2	64	n/a
2	65	n/a
2	66	n/a
2	67	n/a
2	68	n/a
2	69	n/a
2	70	n/a
2	71	n/a
2	72	n/a
2	73	n/a
2	74	n/a
2	75	n/a
2	76	n/a
2	77	n/a
2	78	n/a
2	79	n/a
2	80	n/a
2	81	n/a
2	82	n/a
2	83	n/a
3	0	0.06124965694049104
3	1	0.1825033901116914
3	2	n/a
3	3	n/a
3	4	n/a
3	5	n/a
3	6	n/a
3	7	n/a
3	8	n/a
3	9	0.007479386737392893
3	10	n/a
3	11	n/a
3	12	n/a
3	13	n/a
3	14	n/a
3	15	n/a
3	16	0.036257276928352594
3	17	n/a
3	18	n/a
3	19	n/a
3	20	0.05733722619354237
3	21	n/a
3	22	0.0712799926962309
3	23	n/a
3	24	n/a
3	25	0.15449016848553573
3	26	n/a
3	27	n/a
3	28	n/a
3	29	0.07369806473241873
3	30	n/a
3	31	0.022664762316016957
3	32	0.10482471381318216
3	33	0.04722411513854407
3	34	n/a
3	35	n/a
3	36	n/a
3	37	0.013013878277723998
3	38	0.07253269588156469
3	39	n/a
3	40	n/a
3	41	0.12200301569272176
3	42	n/a
3	43	0.06965471487733776
3	44	n/a
3	45	0.08348688779022274
3	46	n/a
3	47	n/a
3	48	n/a
3	49	0.03902147741213459
3	50	n/a
3	51	n/a
3	52	n/a
3	53	n/a
3	54	0.0442741928116858
3	55	n/a
3	56	n/a
3	57	n/a
3	58	n/a
3	59	0.1298534871085242
3	60	n/a
3	61	n/a
3	62	0.06849153612966968
3	63	0.03550704568720972
3	64	0.010789487331919615
3	65	0.004257000091868284
3	66	0.01114239354934116
3	67	0.07790165544326115
3	68	n/a
3	69	0.031004236153965966
3	70	0.054761511826052704
3	71	0.08685639830632333
3	72	n/a
3	73	n/a
3	74	0.15158732811219047
3	75	0.14995612894244134
3	76	n/a
3	77	0.09544094096816422
3	78	0.07351816358271362
3	79	0.0
3	80	n/a
3	81	0.16805460693320368
3	82	n/a
3	83	n/a
4	0	n/a
4	1	n/a
4	2	n/a
4	3	n/a
4	4	n/a
4	5	n/a
4	6	n/a
4	7	n/a
4	8	n/a
4	9	n/a
4	10	n/a
4	11	n/a
4	12	n/a
4	13	n/a
4	14	n/a
4	15	n/a
4	16	n/a
4	17	n/a
4	18	n/a
4	19	n/a
4	20	n/a
4	21	n/a
4	22	n/a
4	23	n/a
4	24	n/a
4	25	n/a
4	26	n/a
4	27	n/a
4	28	n/a
4	29	n/a
4	30	n/a
4	31	n/a
4	32	n/a
4	33	n/a
4	34	n/a
4	35	n/a
4	36	n/a
4	37	n/a
4	38	n/a
4	39	n/a
4	40	n/a
4	41	n/a
4	42	n/a
4	43	n/a
4	44	n/a
4	45	n/a
4	46	n/a
4	47	n/a
4	48	n/a
4	49	n/a
4	50	n/a
4	51	n/a
4	52	n/a
4	53	n/a
4	54	n/a
4	55	n/a
4	56	n/a
4	57	n/a
4	58	n/a
4	59	n/a
4	60	n/a
4	61	n/a
4	62	n/a
4	63	n/a
4	64	n/a
4	65	n/a
4	66	n/a
4	67	n/a
4	68	n/a
4	69	n/a
4	70	n/a
4	71	n/a
4	72	n/a
4	73	n/a
4	74	n/a
4	75	n/a
4	76	n/a
4	77	n/a
4	78	n/a
4	79	n/a
4	80	n/a
4	81	n/a
4	82	n/a
4	83	n/a
5	0	n/a
5	1	n/a
5	2	n/a
5	3	n/a
5	4	n/a
5	5	n/a
5	6	n/a
5	7	n/a
5	8	n/a
5	9	n/a
5	10	n/a
5	11	n/a
5	12	n/a
5	13	n/a
5	14	n/a
5	15	n/a
5	16	n/a
5	17	n/a
5	18	n/a
5	19	n/a
5	20	n/a
5	21	n/a
5	22	n/a
5	23	n/a
5	24	n/a
5	25	n/a
5	26	n/a
5	27	n/a
5	28	n/a
5	29	n/a
5	30	n/a
5	31	n/a
5	32	n/a
5	33	n/a
5	34	n/a
5	35	n/a
5	36	n/a
5	37	n/a
5	38	n/a
5	39	n/a
5	40	n/a
5	41	n/a
5	42	n/a
5	43	n/a
5	44	n/a
5	45	n/a
5	46	n/a
5	47	n/a
5	48	n/a
5	49	n/a
5	50	n/a
5	51	n/a
5	52	n/a
5	53	n/a
5	54	n/a
5	55	n/a
5	56	n/a
5	57	n/a
5	58	n/a
5	59	n/a
5	60	n/a
5	61	n/a
5	62	n/a
5	63	n/a
5	64	n/a
5	65	n/a
5	66	n/a
5	67	n/a
5	68	n/a
5	69	n/a
5	70	n/a
5	71	n/a
5	72	n/a
5	73	n/a
5	74	n/a
5	75	n/a
5	76	n/a
5	77	n/a
5	78	n/a
5	79	n/a
5	80	n/a
5	81	n/a
5	82	n/a
5	83	n/a
6	0	n/a
6	1	n/a
6	2	n/a
6	3	n/a
6	4	n/a
6	5	n/a
6	6	n/a
6	7	n/a
6	8	n/a
6	9	n/a
6	10	n/a
6	11	n/a
6	12	n/a
6	13	n/a
6	14	n/a
6	15	0.1802418510968345
6	16	n/a
6	17	n/a
6	18	n/a
6	19	n/a
6	20	n/a
6	21	n/a
6	22	n/a
6	23	n/a
6	24	n/a
6	25	n/a
6	26	n/a
6	27	n/a
6	28	n/a
6	29	n/a
6	30	0.14953062454342336
6	31	n/a
6	32	n/a
6	33	0.04100811798989145
6	34	n/a
6	35	n/a
6	36	n/a
6	37	0.0025747854304345565
6	38	0.05604787305241444
6	39	n/a
6	40	n/a
6	41	0.17790770717200816
6	42	n/a
6	43	0.05647483730526002
6	44	n/a
6	45	0.04258176197796258
6	46	n/a
6	47	n/a
6	48	0.06447969030638893
6	49	n/a
6	50	n/a
6	51	n/a
6	52	n/a
6	53	n/a
6	54	n/a
6	55	n/a
6	56	n/a
6	57	0.048285628948857
6	58	n/a
6	59	n/a
6	60	n/a
6	61	0.012022917144575736
6	62	n/a
6	63	n/a
6	64	0.08453727511107909
6	65	0.03760513844051276
6	66	n/a
6	67	0.0878606602588888
6	68	n/a
6	69	n/a
6	70	n/a
6	71	n/a
6	72	0.005862157106487105
6	73	n/a
6	74	0.08611493366323134
6	75	n/a
6	76	n/a
6	77	n/a
6	78	n/a
6	79	0.14710102253120588
6	80	0.06632951827912151
6	81	0.06719254187727812
6	82	n/a
6	83	0.08009020474132279
7	0	n/a
7	1	n/a
7	2	n/a
7	3	n/a
7	4	n/a
7	5	n/a
7	6	n/a
7	7	n/a
7	8	n/a
7	9	n/a
7	10	n/a
7	11	n/a
7	12	n/a
7	13	n/a
7	14	n/a
7	15	n/a
7	16	n/a
7	17	n/a
7	18	n/a
7	19	n/a
7	20	n/a
7	21	n/a
7	22	n/a
7	23	n/a
7	24	n/a
7	25	n/a
7	26	n/a
7	27	n/a
7	28	n/a
7	29	n/a
7	30	n/a
7	31	n/a
7	32	n/a
7	33	n/a
7	34	n/a
7	35	n/a
7	36	n/a
7	37	n/a
7	38	n/a
7	39	n/a
7	40	n/a
7	41	n/a
7	42	n/a
7	43	n/a
7	44	n/a
7	45	n/a
7	46	n/a
7	47	n/a
7	48	n/a
7	49	n/a
7	50	n/a
7	51	n/a
7	52	n/a
7	53	n/a
7	54	n/a
7	55	n/a
7	56	n/a
7	57	n/a
7	58	n/a
7	59	n/a
7	60	n/a
7	61	n/a
7	62	n/a
7	63	n/a
7	64	n/a
7	65	n/a
7	66	n/a
7	67	n/a
7	68	n/a
7	69	n/a
7	70	n/a
7	71	n/a
7	72	n/a
7	73	n/a
7	74	n/a
7	75	n/a
7	76	n/a
7	77	n/a
7	78	n/a
7	79	n/a
7	80	n/a
7	81	n/a
7	82	n/a
7	83	n/a
8	0	n/a
8	1	n/a
8	2	n/a
8	3	n/a
8	4	n/a
8	5	n/a
8	6	n/a
8	7	n/a
8	8	n/a
8	9	n/a
8	10	n/a
8	11	n/a
8	12	n/a
8	13	n/a
8	14	n/a
8	15	n/a
8	16	n/a
8	17	n/a
8	18	n/a
8	19	n/a
8	20	n/a
8	21	n/a
8	22	n/a
8	23	n/a
8	24	n/a
8	25	n/a
8	26	n/a
8	27	n/a
8	28	n/a
8	29	n/a
8	30	n/a
8	31	n/a
8	32	n/a
8	33	n/a
8	34	n/a
8	35	n/a
8	36	n/a
8	37	n/a
8	38	n/a
8	39	n/a
8	40	n/a
8	41	n/a
8	42	n/a
8	43	n/a
8	44	n/a
8	45	n/a
8	46	n/a
8	47	n/a
8	48	n/a
8	49	n/a
8	50	n/a
8	51	n/a
8	52	n/a
8	53	n/a
8	54	n/a
8	55	n/a
8	56	n/a
8	57	n/a
8	58	n/a
8	59	n/a
8	60	n/a
8	61	n/a
8	62	n/a
8	63	n/a
8	64	n/a
8	65	n/a
8	66	n/a
8	67	n/a
8	68	n/a
8	69	n/a
8	70	n/a
8	71	n/a
8	72	n/a
8	73	n/a
8	74	n/a
8	75	n/a
8	76	n/a
8	77	n/a
8	78	n/a
8	79	n/a
8	80	n/a
8	81	n/a
8	82	n/a
8	83	n/a
9	0	0.006486988928578608
9	1	n/a
9	2	n/a
9	3	0.007479386737392893
9	4	n/a
9	5	n/a
9	6	n/a
9	7	n/a
9	8	n/a
9	9	0.018685365285444348
9	10	n/a
9	11	n/a
9	12	n/a
9	13	0.02061432579125778
9	14	n/a
9	15	0.005192167473839119
9	16	0.0188192564878434
9	17	n/a
9	18	n/a
9	19	n/a
9	20	0.0029550824590649067
9	21	n/a
9	22	n/a
9	23	n/a
9	24	n/a
9	25	n/a
9	26	n/a
9	27	0.007103302971110559
9	28	0.023041604697187815
9	29	0.027762316576940574
9	30	0.18773472402337926
9	31	n/a
9	32	0.030213251695541753
9	33	0.03586288095789806
9	34	0.014136808260547768
9	35	n/a
9	36	n/a
9	37	0.02901471246179956
9	38	n/a
9	39	n/a
9	40	n/a
9	41	n/a
9	42	n/a
9	43	0.031369197872127455
9	44	n/a
9	45	0.1547484017241682
9	46	n/a
9	47	n/a
9	48	0.09405335336396338
9	49	n/a
9	50	n/a
9	51	n/a
9	52	n/a
9	53	n/a
9	54	0.04457045515972702
9	55	n/a
9	56	n/a
9	57	n/a
9	58	n/a
9	59	0.02068010885885353
9	60	n/a
9	61	n/a
9	62	0.05914960080963702
9	63	n/a
9	64	0.09793813140243803
9	65	0.043334406615793526
9	66	0.00987083601595731
9	67	n/a
9	68	n/a
9	69	0.056925996976279106
9	70	0.03932936076580629
9	71	0.05773363431462572
9	72	n/a
9	73	n/a
9	74	n/a
9	75	0.10372540686430068
9	76	n/a
9	77	n/a
9	78	0.06332615904053099
9	79	0.0
9	80	0.01239415928515128
9	81	0.04999149637936681
9	82	0.02390031543892056
9	83	n/a
10	0	n/a
10	1	n/a
10	2	n/a
10	3	n/a
10	4	n/a
10	5	n/a
10	6	n/a
10	7	n/a
10	8	n/a
10	9	n/a
10	10	n/a
10	11	n/a
10	12	n/a
10	13	n/a
10	14	n/a
10	15	n/a
10	16	n/a
10	17	n/a
10	18	n/a
10	19	n/a
10	20	n/a
10	21	n/a
10	22	n/a
10	23	n/a
10	24	n/a
10	25	n/a
10	26	n/a
10	27	n/a
10	28	n/a
10	29	n/a
10	30	n/a
10	31	n/a
10	32	n/a
10	33	n/a
10	34	n/a
10	35	n/a
10	36	n/a
10	37	n/a
10	38	n/a
10	39	n/a
10	40	n/a
10	41	n/a
10	42	n/a
10	43	n/a
10	44	n/a
10	45	n/a
10	46	n/a
10	47	n/a
10	48	n/a
10	49	n/a
10	50	n/a
10	51	n/a
10	52	n/a
10	53	n/a
10	54	n/a
10	55	n/a
10	56	n/a
10	57	n/a
10	58	n/a
10	59	n/a
10	60	n/a
10	61	n/a
10	62	n/a
10	63	n/a
10	64	n/a
10	65	n/a
10	66	n/a
10	67	n/a
10	68	n/a
10	69	n/a
10	70	n/a
10	71	n/a
10	72	n/a
10	73	n/a
10	74	n/a
10	75	n/a
10	76	n/a
10	77	n/a
10	78	n/a
10	79	n/a
10	80	n/a
10	81	n/a
10	82	n/a
10	83	n/a
11	0	n/a
11	1	n/a
11	2	n/a
11	3	n/a
11	4	n/a
11	5	n/a
11	6	n/a
11	7	n/a
11	8	n/a
11	9	n/a
11	10	n/a
11	11	n/a
11	12	n/a
11	13	n/a
11	14	n/a
11	15	n/a
11	16	n/a
11	17	n/a
11	18	n/a
11	19	n/a
11	20	n/a
11	21	n/a
11	22	n/a
11	23	n/a
11	24	n/a
11	25	n/a
11	26	n/a
11	27	n/a
11	28	n/a
11	29	n/a
11	30	n/a
11	31	n/a
11	32	n/a
11	33	n/a
11	34	n/a
11	35	n/a
11	36	n/a
11	37	n/a
11	38	n/a
11	39	n/a
11	40	n/a
11	41	n/a
11	42	n/a
11	43	n/a
11	44	n/a
11	45	n/a
11	46	n/a
11	47	n/a
11	48	n/a
11	49	n/a
11	50	n/a
11	51	n/a
11	52	n/a
11	53	n/a
11	54	n/a
11	55	n/a
11	56	n/a
11	57	n/a
11	58	n/a
11	59	n/a
11	60	n/a
11	61	n/a
11	62	n/a
11	63	n/a
11	64	n/a
11	65	n/a
11	66	n/a
11	67	n/a
11	68	n/a
11	69	n/a
11	70	n/a
11	71	n/a
11	72	n/a
11	73	n/a
11	74	n/a
11	75	n/a
11	76	n/a
11	77	n/a
11	78	n/a
11	79	n/a
11	80	n/a
11	81	n/a
11	82	n/a
11	83	n/a
12	0	n/a
12	1	n/a
12	2	n/a
12	3	n/a
12	4	n/a
12	5	n/a
12	6	n/a
12	7	n/a
12	8	n/a
12	9	n/a
12	10	n/a
12	11	n/a
12	12	n/a
12	13	n/a
12	14	n/a
12	15	n/a
12	16	n/a
12	17	n/a
12	18	n/a
12	19	n/a
12	20	n/a
12	21	n/a
12	22	n/a
12	23	n/a
12	24	n/a
12	25	n/a
12	26	n/a
12	27	n/a
12	28	n/a
12	29	n/a
12	30	n/a
12	31	n/a
12	32	n/a
12	33	n/a
12	34	n/a
12	35	n/a
12	36	n/a
12	37	n/a
12	38	n/a
12	39	n/a
12	40	n/a
12	41	n/a
12	42	n/a
12	43	n/a
12	44	n/a
12	45	n/a
12	46	n/a
12	47	n/a
12	48	n/a
12	49	n/a
12	50	n/a
12	51	n/a
12	52	n/a
12	53	n/a
12	54	n/a
12	55	n/a
12	56	n/a
12	57	n/a
12	58	n/a
12	59	n/a
12	60	n/a
12	61	n/a
12	62	n/a
12	63	n/a
12	64	n/a
12	65	n/a
12	66	n/a
12	67	n/a
12	68	n/a
12	69	n/a
12	70	n/a
12	71	n/a
12	72	n/a
12	73	n/a
12	74	n/a
12	75	n/a
12	76	n/a
12	77	n/a
12	78	n/a
12	79	n/a
12	80	n/a
12	81	n/a
12	82	n/a
12	83	n/a
13	0	0.008783923592089607
13	1	n/a
13	2	n/a
13	3	n/a
13	4	n/a
13	5	n/a
13	6	n/a
13	7	n/a
13	8	n/a
13	9	0.02061432579125778
13	10	n/a
13	11	n/a
13	12	n/a
13	13	n/a
13	14	n/a
13	15	n/a
13	16	n/a
13	17	0.07975072348333166
13	18	n/a
13	19	n/a
13	20	0.005622934502078501
13	21	n/a
13	22	n/a
13	23	0.010320585165676235
13	24	n/a
13	25	n/a
13	26	n/a
13	27	1.943929328666661E-4
13	28	0.06895312136480457
13	29	n/a
13	30	n/a
13	31	n/a
13	32	0.03271229329528708
13	33	0.0071523929108714066
13	34	0.16700799658659515
13	35	n/a
13	36	n/a
13	37	n/a
13	38	0.03508095409107261
13	39	n/a
13	40	n/a
13	41	0.008366896198806744
13	42	n/a
13	43	n/a
13	44	0.11438679910759326
13	45	n/a
13	46	n/a
13	47	n/a
13	48	n/a
13	49	0.005153830406650852
13	50	n/a
13	51	n/a
13	52	n/a
13	53	n/a
13	54	0.04622483079135562
13	55	n/a
13	56	n/a
13	57	n/a
13	58	0.05246668876601318
13	59	n/a
13	60	n/a
13	61	n/a
13	62	n/a
13	63	0.03686753405130876
13	64	0.08895080358166431
13	65	0.03521871302413533
13	66	0.041943365645971196
13	67	n/a
13	68	0.1825003444970828
13	69	0.07383170543523697
13	70	n/a
13	71	n/a
13	72	0.002439706806873594
13	73	n/a
13	74	n/a
13	75	n/a
13	76	0.00806682900066238
13	77	n/a
13	78	n/a
13	79	n/a
13	80	0.0981717721466487
13	81	n/a
13	82	n/a
13	83	n/a
14	0	n/a
14	1	n/a
14	2	n/a
14	3	n/a
14	4	n/a
14	5	n/a
14	6	n/a
14	7	n/a
14	8	n/a
14	9	n/a
14	10	n/a
14	11	n/a
14	12	n/a
14	13	n/a
14	14	n/a
14	15	n/a
14	16	n/a
14	17	n/a
14	18	n/a
14	19	n/a
14	20	n/a
14	21	n/a
14	22	n/a
14	23	n/a
14	24	n/a
14	25	n/a
14	26	n/a
14	27	n/a
14	28	n/a
14	29	n/a
14	30	n/a
14	31	n/a
14	32	n/a
14	33	n/a
14	34	n/a
14	35	n/a
14	36	n/a
14	37	n/a
14	38	n/a
14	39	n/a
14	40	n/a
14	41	n/a
14	42	n/a
14	43	n/a
14	44	n/a
14	45	n/a
14	46	n/a
14	47	n/a
14	48	n/a
14	49	n/a
14	50	n/a
14	51	n/a
14	52	n/a
14	53	n/a
14	54	n/a
14	55	n/a
14	56	n/a
14	57	n/a
14	58	n/a
14	59	n/a
14	60	n/a
14	61	n/a
14	62	n/a
14	63	n/a
14	64	n/a
14	65	n/a
14	66	n/a
14	67	n/a
14	68	n/a
14	69	n/a
14	70	n/a
14	71	n/a
14	72	n/a
14	73	n/a
14	74	n/a
14	75	n/a
14	76	n/a
14	77	n/a
14	78	n/a
14	79	n/a
14	80	n/a
14	81	n/a
14	82	n/a
14	83	n/a
15	0	n/a
15	1	0.0038653431299686984
15	2	n/a
15	3	n/a
15	4	n/a
15	5	n/a
15	6	0.1802418510968345
15	7	n/a
15	8	n/a
15	9	0.005192167473839119
15	10	n/a
15	11	n/a
15	12	n/a
15	13	n/a
15	14	n/a
15	15	0.059249176190495315
15	16	0.038323870938164147
15	17	n/a
15	18	n/a
15	19	n/a
15	20	n/a
15	21	n/a
15	22	0.01646330734816749
15	23	0.011880118843386541
15	24	n/a
15	25	n/a
15	26	n/a
15	27	n/a
15	28	n/a
15	29	n/a
15	30	n/a
15	31	0.01524976970434225
15	32	0.05006520820818058
15	33	0.01227846378614213
15	34	n/a
15	35	n/a
15	36	n/a
15	37	0.05318014546949804
15	38	0.1346943813569552
15	39	n/a
15	40	n/a
15	41	0.01960078643136071
15	42	n/a
15	43	0.006873060081111706
15	44	n/a
15	45	n/a
15	46	n/a
15	47	n/a
15	48	n/a
15	49	0.01863971129289353
15	50	n/a
15	51	n/a
15	52	n/a
15	53	n/a
15	54	n/a
15	55	n/a
15	56	n/a
15	57	0.09296836187886218
15	58	0.1090681212392403
15	59	n/a
15	60	0.07828482932113415
15	61	n/a
15	62	n/a
15	63	0.1320156872388911
15	64	0.030676324932618033
15	65	0.06952300096949918
15	66	n/a
15	67	0.0770960432722949
15	68	0.11721001610447936
15	69	n/a
15	70	0.008371801097716685
15	71	0.009407506823827273
15	72	0.05540064056098465
15	73	0.0890401000990364
15	74	0.08789523885950787
15	75	n/a
15	76	0.003879658770875355
15	77	0.018865245991436165
15	78	0.04196234198314345
15	79	n/a
15	80	n/a
15	81	n/a
15	82	0.02569043742399381
15	83	n/a
16	0	n/a
16	1	0.04757872242908783
16	2	n/a
16	3	0.036257276928352594
16	4	n/a
16	5	n/a
16	6	n/a
16	7	n/a
16	8	n/a
16	9	0.0188192564878434
16	10	n/a
16	11	n/a
16	12	n/a
16	13	n/a
16	14	n/a
16	15	0.038323870938164147
16	16	0.1356203804164214
16	17	0.0472663310984844
16	18	n/a
16	19	n/a
16	20	0.00884321581713039
16	21	n/a
16	22	0.04506884147723839
16	23	0.01455499342187507
16	24	n/a
16	25	n/a
16	26	n/a
16	27	n/a
16	28	n/a
16	29	n/a
16	30	n/a
16	31	0.03291469724614116
16	32	0.020709187456618487
16	33	0.10502165574139592
16	34	0.021362210256245323
16	35	n/a
16	36	n/a
16	37	0.09023929617897153
16	38	n/a
16	39	n/a
16	40	n/a
16	41	n/a
16	42	n/a
16	43	0.015112985810943348
16	44	0.03915505025860654
16	45	n/a
16	46	n/a
16	47	n/a
16	48	0.047563425159467765
16	49	n/a
16	50	n/a
16	51	n/a
16	52	n/a
16	53	n/a
16	54	n/a
16	55	n/a
16	56	n/a
16	57	0.04501753370189651
16	58	n/a
16	59	n/a
16	60	0.07366467184734572
16	61	0.049081271757170614
16	62	n/a
16	63	0.15617519723948942
16	64	n/a
16	65	0.0022913509979179424
16	66	0.06556611228832702
16	67	0.02894241326085558
16	68	0.1449549278037973
16	69	n/a
16	70	n/a
16	71	0.009574163764235309
16	72	0.1183977995544811
16	73	n/a
16	74	n/a
16	75	7.469759326454471E-4
16	76	0.0020296570419133515
16	77	0.06409849694759139
16	78	n/a
16	79	0.11415103538470367
16	80	0.0
16	81	n/a
16	82	n/a
16	83	0.1353928161759796
17	0	n/a
17	1	n/a
17	2	n/a
17	3	n/a
17	4	n/a
17	5	n/a
17	6	n/a
17	7	n/a
17	8	n/a
17	9	n/a
17	10	n/a
17	11	n/a
17	12	n/a
17	13	0.07975072348333166
17	14	n/a
17	15	n/a
17	16	0.0472663310984844
17	17	0.06826733276792474
17	18	n/a
17	19	n/a
17	20	n/a
17	21	n/a
17	22	0.025844110234884986
17	23	n/a
17	24	n/a
17	25	n/a
17	26	n/a
17	27	n/a
17	28	n/a
17	29	0.04728414948836527
17	30	n/a
17	31	1.6195322602306008E-4
17	32	0.015610683327060743
17	33	0.0623601153963301
17	34	0.028313570871309215
17	35	n/a
17	36	n/a
17	37	0.04230769303700405
17	38	0.0517012998200548
17	39	n/a
17	40	n/a
17	41	n/a
17	42	n/a
17	43	n/a
17	44	0.06797571317915639
17	45	0.06976395698057826
17	46	n/a
17	47	n/a
17	48	n/a
17	49	n/a
17	50	n/a
17	51	n/a
17	52	n/a
17	53	n/a
17	54	n/a
17	55	n/a
17	56	n/a
17	57	0.029377197006680327
17	58	0.04135542221197767
17	59	n/a
17	60	0.015461504535174813
17	61	n/a
17	62	0.04843763846544691
17	63	0.16485920909930976
17	64	n/a
17	65	0.0023323753045096825
17	66	n/a
17	67	n/a
17	68	n/a
17	69	n/a
17	70	n/a
17	71	n/a
17	72	0.038787750735273685
17	73	n/a
17	74	0.012766507515393644
17	75	n/a
17	76	0.017173307368922853
17	77	0.03277059284545852
17	78	n/a
17	79	n/a
17	80	0.07156845087461436
17	81	0.0
17	82	n/a
17	83	n/a
18	0	n/a
18	1	n/a
18	2	n/a
18	3	n/a
18	4	n/a
18	5	n/a
18	6	n/a
18	7	n/a
18	8	n/a
18	9	n/a
18	10	n/a
18	11	n/a
18	12	n/a
18	13	n/a
18	14	n/a
18	15	n/a
18	16	n/a
18	17	n/a
18	18	n/a
18	19	n/a
18	20	n/a
18	21	n/a
18	22	n/a
18	23	n/a
18	24	n/a
18	25	n/a
18	26	n/a
18	27	n/a
18	28	n/a
18	29	n/a
18	30	n/a
18	31	n/a
18	32	n/a
18	33	n/a
18	34	n/a
18	35	n/a
18	36	n/a
18	37	n/a
18	38	n/a
18	39	n/a
18	40	n/a
18	41	n/a
18	42	n/a
18	43	n/a
18	44	n/a
18	45	n/a
18	46	n/a
18	47	n/a
18	48	n/a
18	49	n/a
18	50	n/a
18	51	n/a
18	52	n/a
18	53	n/a
18	54	n/a
18	55	n/a
18	56	n/a
18	57	n/a
18	58	n/a
18	59	n/a
18	60	n/a
18	61	n/a
18	62	n/a
18	63	n/a
18	64	n/a
18	65	n/a
18	66	n/a
18	67	n/a
18	68	n/a
18	69	n/a
18	70	n/a
18	71	n/a
18	72	n/a
18	73	n/a
18	74	n/a
18	75	n/a
18	76	n/a
18	77	n/a
18	78	n/a
18	79	n/a
18	80	n/a
18	81	n/a
18	82	n/a
18	83	n/a
19	0	n/a
19	1	n/a
19	2	n/a
19	3	n/a
19	4	n/a
19	5	n/a
19	6	n/a
19	7	n/a
19	8	n/a
19	9	n/a
19	10	n/a
19	11	n/a
19	12	n/a
19	13	n/a
19	14	n/a
19	15	n/a
19	16	n/a
19	17	n/a
19	18	n/a
19	19	n/a
19	20	n/a
19	21	n/a
19	22	n/a
19	23	n/a
19	24	n/a
19	25	n/a
19	26	n/a
19	27	n/a
19	28	n/a
19	29	n/a
19	30	n/a
19	31	n/a
19	32	n/a
19	33	n/a
19	34	n/a
19	35	n/a
19	36	n/a
19	37	n/a
19	38	n/a
19	39	n/a
19	40	n/a
19	41	n/a
19	42	n/a
19	43	n/a
19	44	n/a
19	45	n/a
19	46	n/a
19	47	n/a
19	48	n/a
19	49	n/a
19	50	n/a
19	51	n/a
19	52	n/a
19	53	n/a
19	54	n/a
19	55	n/a
19	56	n/a
19	57	n/a
19	58	n/a
19	59	n/a
19	60	n/a
19	61	n/a
19	62	n/a
19	63	n/a
19	64	n/a
19	65	n/a
19	66	n/a
19	67	n/a
19	68	n/a
19	69	n/a
19	70	n/a
19	71	n/a
19	72	n/a
19	73	n/a
19	74	n/a
19	75	n/a
19	76	n/a
19	77	n/a
19	78	n/a
19	79	n/a
19	80	n/a
19	81	n/a
19	82	n/a
19	83	n/a
20	0	n/a
20	1	n/a
20	2	n/a
20	3	0.05733722619354237
20	4	n/a
20	5	n/a
20	6	n/a
20	7	n/a
20	8	n/a
20	9	0.0029550824590649067
20	10	n/a
20	11	n/a
20	12	n/a
20	13	0.005622934502078501
20	14	n/a
20	15	n/a
20	16	0.00884321581713039
20	17	n/a
20	18	n/a
20	19	n/a
20	20	n/a
20	21	n/a
20	22	n/a
20	23	0.008913238393032681
20	24	n/a
20	25	n/a
20	26	n/a
20	27	0.06143887327517861
20	28	0.002053935202157961
20	29	0.014951731884381907
20	30	n/a
20	31	n/a
20	32	0.0027835200704306585
20	33	0.008224410885854112
20	34	0.09238677309582428
20	35	n/a
20	36	n/a
20	37	0.03807479207454379
20	38	0.09062877645620931
20	39	n/a
20	40	n/a
20	41	n/a
20	42	n/a
20	43	0.015249227980876332
20	44	n/a
20	45	n/a
20	46	n/a
20	47	n/a
20	48	n/a
20	49	0.03792546077790533
20	50	n/a
20	51	n/a
20	52	n/a
20	53	n/a
20	54	n/a
20	55	n/a
20	56	n/a
20	57	n/a
20	58	0.1071165986474554
20	59	0.17120906595137028
20	60	0.0576525821263188
20	61	n/a
20	62	n/a
20	63	0.07243520659488134
20	64	0.006901780103982326
20	65	0.08400750095699877
20	66	n/a
20	67	n/a
20	68	n/a
20	69	0.054965608682810016
20	70	0.03487745383635815
20	71	0.008117150974851054
20	72	0.03711912333058577
20	73	0.07801783957541894
20	74	n/a
20	75	n/a
20	76	0.025063243174891406
20	77	0.01613116005382025
20	78	n/a
20	79	0.005277941021206773
20	80	0.1319945081998872
20	81	n/a
20	82	n/a
20	83	0.10846347668621349
21	0	n/a
21	1	n/a
21	2	n/a
21	3	n/a
21	4	n/a
21	5	n/a
21	6	n/a
21	7	n/a
21	8	n/a
21	9	n/a
21	10	n/a
21	11	n/a
21	12	n/a
21	13	n/a
21	14	n/a
21	15	n/a
21	16	n/a
21	17	n/a
21	18	n/a
21	19	n/a
21	20	n/a
21	21	n/a
21	22	n/a
21	23	n/a
21	24	n/a
21	25	n/a
21	26	n/a
21	27	n/a
21	28	n/a
21	29	n/a
21	30	n/a
21	31	n/a
21	32	n/a
21	33	n/a
21	34	n/a
21	35	n/a
21	36	n/a
21	37	n/a
21	38	n/a
21	39	n/a
21	40	n/a
21	41	n/a
21	42	n/a
21	43	n/a
21	44	n/a
21	45	n/a
21	46	n/a
21	47	n/a
21	48	n/a
21	49	n/a
21	50	n/a
21	51	n/a
21	52	n/a
21	53	n/a
21	54	n/a
21	55	n/a
21	56	n/a
21	57	n/a
21	58	n/a
21	59	n/a
21	60	n/a
21	61	n/a
21	62	n/a
21	63	n/a
21	64	n/a
21	65	n/a
21	66	n/a
21	67	n/a
21	68	n/a
21	69	n/a
21	70	n/a
21	71	n/a
21	72	n/a
21	73	n/a
21	74	n/a
21	75	n/a
21	76	n/a
21	77	n/a
21	78	n/a
21	79	n/a
21	80	n/a
21	81	n/a
21	82	n/a
21	83	n/a
22	0	n/a
22	1	n/a
22	2	n/a
22	3	0.0712799926962309
22	4	n/a
22	5	n/a
22	6	n/a
22	7	n/a
22	8	n/a
22	9	n/a
22	10	n/a
22	11	n/a
22	12	n/a
22	13	n/a
22	14	n/a
22	15	0.01646330734816749
22	16	0.04506884147723839
22	17	0.025844110234884986
22	18	n/a
22	19	n/a
22	20	n/a
22	21	n/a
22	22	0.013526978523405805
22	23	0.018603469374344057
22	24	n/a
22	25	n/a
22	26	n/a
22	27	n/a
22	28	n/a
22	29	n/a
22	30	0.14671946924871093
22	31	n/a
22	32	0.01887932695163791
22	33	0.0098752196200549
22	34	0.09196302086011415
22	35	n/a
22	36	n/a
22	37	n/a
22	38	0.05836884790612735
22	39	n/a
22	40	n/a
22	41	0.1101532285542374
22	42	n/a
22	43	n/a
22	44	0.015103840196236649
22	45	0.049228055327171755
22	46	n/a
22	47	n/a
22	48	0.16262363707782196
22	49	n/a
22	50	n/a
22	51	n/a
22	52	n/a
22	53	n/a
22	54	n/a
22	55	n/a
22	56	n/a
22	57	0.01799918648264525
22	58	n/a
22	59	n/a
22	60	0.0024738243610949637
22	61	n/a
22	62	n/a
22	63	0.10289967671738681
22	64	0.005716863234896337
22	65	0.030648217303309785
22	66	0.0835155036491215
22	67	6.798842524915958E-4
22	68	n/a
22	69	0.03955724225389491
22	70	0.0652585427864511
22	71	0.044430669012343195
22	72	0.0109153975856442
22	73	n/a
22	74	0.013432630669982158
22	75	n/a
22	76	0.03201481787859582
22	77	0.04769911743930868
22	78	n/a
22	79	0.04949678357026209
22	80	0.0722743593216535
22	81	0.035859200881047354
22	82	n/a
22	83	0.02190357865762834
23	0	0.07106707916133921
23	1	0.014779063326349753
23	2	n/a
23	3	n/a
23	4	n/a
23	5	n/a
23	6	n/a
23	7	n/a
23	8	n/a
23	9	n/a
23	10	n/a
23	11	n/a
23	12	n/a
23	13	0.010320585165676235
23	14	n/a
23	15	0.011880118843386541
23	16	0.01455499342187507
23	17	n/a
23	18	n/a
23	19	n/a
23	20	0.008913238393032681
23	21	n/a
23	22	0.018603469374344057
23	23	0.0417024066004566
23	24	n/a
23	25	n/a
23	26	n/a
23	27	0.02178048223386651
23	28	n/a
23	29	n/a
23	30	0.04869863808409309
23	31	0.012400683411141524
23	32	0.035989201831788074
23	33	0.00714706632437507
23	34	0.06513971269714705
23	35	n/a
23	36	n/a
23	37	n/a
23	38	0.10183340065997064
23	39	n/a
23	40	n/a
23	41	n/a
23	42	n/a
23	43	0.012969957965497355
23	44	0.03423956289941461
23	45	0.016913024433807676
23	46	n/a
23	47	n/a
23	48	n/a
23	49	0.09946208303588269
23	50	n/a
23	51	n/a
23	52	n/a
23	53	n/a
23	54	0.007671916483144223
23	55	n/a
23	56	n/a
23	57	0.02132774220309283
23	58	n/a
23	59	n/a
23	60	n/a
23	61	n/a
23	62	n/a
23	63	n/a
23	64	0.05625435193683933
23	65	0.12691114587939056
23	66	n/a
23	67	0.04147087581893429
23	68	n/a
23	69	n/a
23	70	0.00814164639785062
23	71	0.02427788048975973
23	72	0.03507392076469024
23	73	n/a
23	74	n/a
23	75	0.013024939305389593
23	76	n/a
23	77	0.08154502383585764
23	78	0.03557443140593776
23	79	n/a
23	80	0.10017663554723648
23	81	n/a
23	82	0.08499263550853983
23	83	0.04257448175175822
24	0	n/a
24	1	n/a
24	2	n/a
24	3	n/a
24	4	n/a
24	5	n/a
24	6	n/a
24	7	n/a
24	8	n/a
24	9	n/a
24	10	n/a
24	11	n/a
24	12	n/a
24	13	n/a
24	14	n/a
24	15	n/a
24	16	n/a
24	17	n/a
24	18	n/a
24	19	n/a
24	20	n/a
24	21	n/a
24	22	n/a
24	23	n/a
24	24	n/a
24	25	n/a
24	26	n/a
24	27	n/a
24	28	n/a
24	29	n/a
24	30	n/a
24	31	n/a
24	32	n/a
24	33	n/a
24	34	n/a
24	35	n/a
24	36	n/a
24	37	n/a
24	38	n/a
24	39	n/a
24	40	n/a
24	41	n/a
24	42	n/a
24	43	n/a
24	44	n/a
24	45	n/a
24	46	n/a
24	47	n/a
24	48	n/a
24	49	n/a
24	50	n/a
24	51	n/a
24	52	n/a
24	53	n/a
24	54	n/a
24	55	n/a
24	56	n/a
24	57	n/a
24	58	n/a
24	59	n/a
24	60	n/a
24	61	n/a
24	62	n/a
24	63	n/a
24	64	n/a
24	65	n/a
24	66	n/a
24	67	n/a
24	68	n/a
24	69	n/a
24	70	n/a
24	71	n/a
24	72	n/a
24	73	n/a
24	74	n/a
24	75	n/a
24	76	n/a
24	77	n/a
24	78	n/a
24	79	n/a
24	80	n/a
24	81	n/a
24	82	n/a
24	83	n/a
25	0	n/a
25	1	n/a
25	2	n/a
25	3	0.15449016848553573
25	4	n/a
25	5	n/a
25	6	n/a
25	7	n/a
25	8	n/a
25	9	n/a
25	10	n/a
25	11	n/a
25	12	n/a
25	13	n/a
25	14	n/a
25	15	n/a
25	16	n/a
25	17	n/a
25	18	n/a
25	19	n/a
25	20	n/a
25	21	n/a
25	22	n/a
25	23	n/a
25	24	n/a
25	25	n/a
25	26	n/a
25	27	n/a
25	28	0.01543925467603016
25	29	n/a
25	30	n/a
25	31	n/a
25	32	0.10401581279570231
25	33	n/a
25	34	n/a
25	35	n/a
25	36	n/a
25	37	n/a
25	38	n/a
25	39	n/a
25	40	n/a
25	41	n/a
25	42	n/a
25	43	n/a
25	44	n/a
25	45	0.042077483133083515
25	46	n/a
25	47	n/a
25	48	n/a
25	49	0.09152813768097073
25	50	n/a
25	51	n/a
25	52	n/a
25	53	n/a
25	54	n/a
25	55	n/a
25	56	n/a
25	57	0.1771429970724586
25	58	n/a
25	59	n/a
25	60	0.15593089110082817
25	61	4.0854581636348E-4
25	62	n/a
25	63	0.04081925103485692
25	64	n/a
25	65	n/a
25	66	n/a
25	67	n/a
25	68	0.08494033388313885
25	69	n/a
25	70	0.03533368900396849
25	71	n/a
25	72	n/a
25	73	0.010704207485872147
25	74	n/a
25	75	n/a
25	76	n/a
25	77	0.00818553409548987
25	78	n/a
25	79	n/a
25	80	n/a
25	81	n/a
25	82	n/a
25	83	n/a
26	0	n/a
26	1	n/a
26	2	n/a
26	3	n/a
26	4	n/a
26	5	n/a
26	6	n/a
26	7	n/a
26	8	n/a
26	9	n/a
26	10	n/a
26	11	n/a
26	12	n/a
26	13	n/a
26	14	n/a
26	15	n/a
26	16	n/a
26	17	n/a
26	18	n/a
26	19	n/a
26	20	n/a
26	21	n/a
26	22	n/a
26	23	n/a
26	24	n/a
26	25	n/a
26	26	n/a
26	27	n/a
26	28	n/a
26	29	n/a
26	30	n/a
26	31	n/a
26	32	n/a
26	33	n/a
26	34	n/a
26	35	n/a
26	36	n/a
26	37	n/a
26	38	n/a
26	39	n/a
26	40	n/a
26	41	n/a
26	42	n/a
26	43	n/a
26	44	n/a
26	45	n/a
26	46	n/a
26	47	n/a
26	48	n/a
26	49	n/a
26	50	n/a
26	51	n/a
26	52	n/a
26	53	n/a
26	54	n/a
26	55	n/a
26	56	n/a
26	57	n/a
26	58	n/a
26	59	n/a
26	60	n/a
26	61	n/a
26	62	n/a
26	63	n/a
26	64	n/a
26	65	n/a
26	66	n/a
26	67	n/a
26	68	n/a
26	69	n/a
26	70	n/a
26	71	n/a
26	72	n/a
26	73	n/a
26	74	n/a
26	75	n/a
26	76	n/a
26	77	n/a
26	78	n/a
26	79	n/a
26	80	n/a
26	81	n/a
26	82	n/a
26	83	n/a
27	0	n/a
27	1	n/a
27	2	n/a
27	3	n/a
27	4	n/a
27	5	n/a
27	6	n/a
27	7	n/a
27	8	n/a
27	9	0.007103302971110559
27	10	n/a
27	11	n/a
27	12	n/a
27	13	1.943929328666661E-4
27	14	n/a
27	15	n/a
27	16	n/a
27	17	n/a
27	18	n/a
27	19	n/a
27	20	0.06143887327517861
27	21	n/a
27	22	n/a
27	23	0.02178048223386651
27	24	n/a
27	25	n/a
27	26	n/a
27	27	0.030381643884715044
27	28	0.006639904327262233
27	29	0.01793273085672217
27	30	n/a
27	31	n/a
27	32	n/a
27	33	n/a
27	34	0.056591986528070265
27	35	n/a
27	36	n/a
27	37	n/a
27	38	0.03448778603405422
27	39	n/a
27	40	n/a
27	41	0.025860019874194375
27	42	n/a
27	43	n/a
27	44	0.04345841060460668
27	45	0.01107831388883547
27	46	n/a
27	47	n/a
27	48	0.07135406864968616
27	49	n/a
27	50	n/a
27	51	n/a
27	52	n/a
27	53	n/a
27	54	n/a
27	55	n/a
27	56	n/a
27	57	n/a
27	58	n/a
27	59	n/a
27	60	n/a
27	61	0.151632550942482
27	62	0.012951390534267693
27	63	0.12037666354157081
27	64	0.01326786204823642
27	65	0.07669089032748505
27	66	n/a
27	67	0.08843257089380611
27	68	n/a
27	69	0.0431826893377983
27	70	0.02420189622101361
27	71	n/a
27	72	n/a
27	73	0.09413567331541288
27	74	n/a
27	75	n/a
27	76	n/a
27	77	0.03398725915560127
27	78	0.03427379230458531
27	79	n/a
27	80	0.055849302944617124
27	81	n/a
27	82	n/a
27	83	n/a
28	0	n/a
28	1	0.002356951016061054
28	2	n/a
28	3	n/a
28	4	n/a
28	5	n/a
28	6	n/a
28	7	n/a
28	8	n/a
28	9	0.023041604697187815
28	10	n/a
28	11	n/a
28	12	n/a
28	13	0.06895312136480457
28	14	n/a
28	15	n/a
28	16	n/a
28	17	n/a
28	18	n/a
28	19	n/a
28	20	0.002053935202157961
28	21	n/a
28	22	n/a
28	23	n/a
28	24	n/a
28	25	0.01543925467603016
28	26	n/a
28	27	0.006639904327262233
28	28	0.03189839924396569
28	29	n/a
28	30	n/a
28	31	0.04361338885194203
28	32	0.031121142324871395
28	33	n/a
28	34	0.07172550918515326
28	35	n/a
28	36	n/a
28	37	n/a
28	38	0.0036812073013354363
28	39	n/a
28	40	n/a
28	41	n/a
28	42	n/a
28	43	0.08613609159573925
28	44	0.07465603753920777
28	45	n/a
28	46	n/a
28	47	n/a
28	48	n/a
28	49	n/a
28	50	n/a
28	51	n/a
28	52	n/a
28	53	n/a
28	54	0.017276569761503244
28	55	n/a
28	56	n/a
28	57	n/a
28	58	n/a
28	59	n/a
28	60	n/a
28	61	n/a
28	62	n/a
28	63	n/a
28	64	n/a
28	65	0.16965836122134836
28	66	n/a
28	67	0.01530187823160425
28	68	n/a
28	69	0.027027902660300893
28	70	0.09648940208732944
28	71	n/a
28	72	0.023385271069750923
28	73	0.0241555420788119
28	74	n/a
28	75	0.07613237109903255
28	76	n/a
28	77	n/a
28	78	n/a
28	79	n/a
28	80	n/a
28	81	n/a
28	82	0.03220157559934153
28	83	n/a
29	0	n/a
29	1	n/a
29	2	n/a
29	3	0.07369806473241873
29	4	n/a
29	5	n/a
29	6	n/a
29	7	n/a
29	8	n/a
29	9	0.027762316576940574
29	10	n/a
29	11	n/a
29	12	n/a
29	13	n/a
29	14	n/a
29	15	n/a
29	16	n/a
29	17	0.04728414948836527
29	18	n/a
29	19	n/a
29	20	0.014951731884381907
29	21	n/a
29	22	n/a
29	23	n/a
29	24	n/a
29	25	n/a
29	26	n/a
29	27	0.01793273085672217
29	28	n/a
29	29	0.016172539846450004
29	30	n/a
29	31	n/a
29	32	n/a
29	33	0.03851516124964578
29	34	0.02266113283724822
29	35	n/a
29	36	n/a
29	37	0.044077112715821515
29	38	0.09238542922623132
29	39	n/a
29	40	n/a
29	41	0.03347927913616212
29	42	n/a
29	43	0.07003854283633648
29	44	n/a
29	45	n/a
29	46	n/a
29	47	n/a
29	48	0.020352676820410694
29	49	n/a
29	50	n/a
29	51	n/a
29	52	n/a
29	53	n/a
29	54	n/a
29	55	n/a
29	56	n/a
29	57	n/a
29	58	0.0653507181428272
29	59	n/a
29	60	0.04398631240022197
29	61	n/a
29	62	n/a
29	63	0.05876110240596518
29	64	0.015967152844628407
29	65	n/a
29	66	n/a
29	67	n/a
29	68	0.030725372078876812
29	69	0.015405260715136194
29	70	n/a
29	71	n/a
29	72	0.027214549875184502
29	73	0.06480589321731466
29	74	0.02730697442452386
29	75	n/a
29	76	0.02774074696611741
29	77	0.018905245920765597
29	78	n/a
29	79	0.05939106386425585
29	80	0.11140433389009911
29	81	n/a
29	82	0.03489891656107029
29	83	n/a
30	0	0.04919077481822634
30	1	0.09907204540955807
30	2	n/a
30	3	n/a
30	4	n/a
30	5	n/a
30	6	0.14953062454342336
30	7	n/a
30	8	n/a
30	9	0.18773472402337926
30	10	n/a
30	11	n/a
30	12	n/a
30	13	n/a
30	14	n/a
30	15	n/a
30	16	n/a
30	17	n/a
30	18	n/a
30	19	n/a
30	20	n/a
30	21	n/a
30	22	0.14671946924871093
30	23	0.04869863808409309
30	24	n/a
30	25	n/a
30	26	n/a
30	27	n/a
30	28	n/a
30	29	n/a
30	30	0.0156415986682533
30	31	n/a
30	32	0.14710102253120574
30	33	n/a
30	34	n/a
30	35	n/a
30	36	n/a
30	37	0.03413989396209903
30	38	n/a
30	39	n/a
30	40	n/a
30	41	n/a
30	42	n/a
30	43	0.008613716721957598
30	44	n/a
30	45	0.17096795706501233
30	46	n/a
30	47	n/a
30	48	n/a
30	49	n/a
30	50	n/a
30	51	n/a
30	52	n/a
30	53	n/a
30	54	0.051435837472621974
30	55	n/a
30	56	n/a
30	57	n/a
30	58	0.11893661042243807
30	59	n/a
30	60	0.011142393549341142
30	61	0.03312250777483366
30	62	0.0453357473185698
30	63	0.12528580015584823
30	64	n/a
30	65	n/a
30	66	n/a
30	67	0.06429298522824102
30	68	n/a
30	69	n/a
30	70	0.05468304264769088
30	71	n/a
30	72	n/a
30	73	n/a
30	74	0.06576307766142549
30	75	0.00199222737670424
30	76	n/a
30	77	n/a
30	78	n/a
30	79	n/a
30	80	0.08502469853365811
30	81	0.0
30	82	0.11776470737130097
30	83	0.011523687352577253
31	0	0.02631851828950596
31	1	n/a
31	2	n/a
31	3	0.022664762316016957
31	4	n/a
31	5	n/a
31	6	n/a
31	7	n/a
31	8	n/a
31	9	n/a
31	10	n/a
31	11	n/a
31	12	n/a
31	13	n/a
31	14	n/a
31	15	0.01524976970434225
31	16	0.03291469724614116
31	17	1.6195322602306008E-4
31	18	n/a
31	19	n/a
31	20	n/a
31	21	n/a
31	22	n/a
31	23	0.012400683411141524
31	24	n/a
31	25	n/a
31	26	n/a
31	27	n/a
31	28	0.04361338885194203
31	29	n/a
31	30	n/a
31	31	0.01769328641443222
31	32	n/a
31	33	0.12028944175071371
31	34	n/a
31	35	n/a
31	36	n/a
31	37	0.043349233868139804
31	38	0.17589369424824583
31	39	n/a
31	40	n/a
31	41	0.09112890992001561
31	42	n/a
31	43	n/a
31	44	0.03531296856019026
31	45	n/a
31	46	n/a
31	47	n/a
31	48	n/a
31	49	0.0518924363964961
31	50	n/a
31	51	n/a
31	52	n/a
31	53	n/a
31	54	n/a
31	55	n/a
31	56	n/a
31	57	n/a
31	58	0.011813545953816082
31	59	n/a
31	60	0.1587270789942675
31	61	n/a
31	62	n/a
31	63	0.02413885152621196
31	64	0.13063200173913547
31	65	0.0
31	66	0.05653555635989886
31	67	0.0
31	68	n/a
31	69	n/a
31	70	n/a
31	71	n/a
31	72	n/a
31	73	0.02160093471649834
31	74	n/a
31	75	n/a
31	76	0.044469297526595696
31	77	n/a
31	78	n/a
31	79	n/a
31	80	0.0895221730458384
31	81	0.0
31	82	n/a
31	83	n/a
32	0	0.06499060590804799
32	1	n/a
32	2	n/a
32	3	0.10482471381318216
32	4	n/a
32	5	n/a
32	6	n/a
32	7	n/a
32	8	n/a
32	9	0.030213251695541753
32	10	n/a
32	11	n/a
32	12	n/a
32	13	0.03271229329528708
32	14	n/a
32	15	0.05006520820818058
32	16	0.020709187456618487
32	17	0.015610683327060743
32	18	n/a
32	19	n/a
32	20	0.0027835200704306585
32	21	n/a
32	22	0.01887932695163791
32	23	0.035989201831788074
32	24	n/a
32	25	0.10401581279570231
32	26	n/a
32	27	n/a
32	28	0.031121142324871395
32	29	n/a
32	30	0.14710102253120574
32	31	n/a
32	32	0.0017799601938659451
32	33	0.02824854122478799
32	34	0.06756477126704014
32	35	n/a
32	36	n/a
32	37	0.042768598581205665
32	38	n/a
32	39	n/a
32	40	n/a
32	41	n/a
32	42	n/a
32	43	0.07709331329948106
32	44	0.01814819039399762
32	45	n/a
32	46	n/a
32	47	n/a
32	48	n/a
32	49	n/a
32	50	n/a
32	51	n/a
32	52	n/a
32	53	n/a
32	54	n/a
32	55	n/a
32	56	n/a
32	57	0.015822824016184282
32	58	n/a
32	59	n/a
32	60	0.001429226793470431
32	61	n/a
32	62	n/a
32	63	n/a
32	64	0.050847355189443236
32	65	n/a
32	66	0.0
32	67	0.07069285100915694
32	68	0.07743927092008057
32	69	n/a
32	70	n/a
32	71	n/a
32	72	0.10347832037080103
32	73	n/a
32	74	n/a
32	75	0.12895487869322475
32	76	0.05667857030494192
32	77	n/a
32	78	n/a
32	79	0.0
32	80	n/a
32	81	n/a
32	82	n/a
32	83	n/a
33	0	n/a
33	1	0.08213396649107883
33	2	n/a
33	3	0.04722411513854407
33	4	n/a
33	5	n/a
33	6	0.04100811798989145
33	7	n/a
33	8	n/a
33	9	0.03586288095789806
33	10	n/a
33	11	n/a
33	12	n/a
33	13	0.0071523929108714066
33	14	n/a
33	15	0.01227846378614213
33	16	0.10502165574139592
33	17	0.0623601153963301
33	18	n/a
33	19	n/a
33	20	0.008224410885854112
33	21	n/a
33	22	0.0098752196200549
33	23	0.00714706632437507
33	24	n/a
33	25	n/a
33	26	n/a
33	27	n/a
33	28	n/a
33	29	0.03851516124964578
33	30	n/a
33	31	0.12028944175071371
33	32	0.02824854122478799
33	33	0.06860397473720319
33	34	0.11796199010656272
33	35	n/a
33	36	n/a
33	37	0.050175189539575435
33	38	n/a
33	39	n/a
33	40	n/a
33	41	n/a
33	42	n/a
33	43	n/a
33	44	0.10061185854112858
33	45	n/a
33	46	n/a
33	47	n/a
33	48	n/a
33	49	n/a
33	50	n/a
33	51	n/a
33	52	n/a
33	53	n/a
33	54	n/a
33	55	n/a
33	56	n/a
33	57	n/a
33	58	n/a
33	59	0.058053402412638164
33	60	0.040756089538006676
33	61	n/a
33	62	n/a
33	63	0.13134644239188475
33	64	0.02296900790010872
33	65	n/a
33	66	n/a
33	67	n/a
33	68	n/a
33	69	n/a
33	70	0.031304903427305235
33	71	n/a
33	72	n/a
33	73	0.10971293115788305
33	74	0.0073721422630323745
33	75	n/a
33	76	n/a
33	77	n/a
33	78	n/a
33	79	n/a
33	80	0.0744308908974185
33	81	n/a
33	82	n/a
33	83	0.0682392376662324
34	0	0.004662844114325941
34	1	n/a
34	2	n/a
34	3	n/a
34	4	n/a
34	5	n/a
34	6	n/a
34	7	n/a
34	8	n/a
34	9	0.014136808260547768
34	10	n/a
34	11	n/a
34	12	n/a
34	13	0.16700799658659515
34	14	n/a
34	15	n/a
34	16	0.021362210256245323
34	17	0.028313570871309215
34	18	n/a
34	19	n/a
34	20	0.09238677309582428
34	21	n/a
34	22	0.09196302086011415
34	23	0.06513971269714705
34	24	n/a
34	25	n/a
34	26	n/a
34	27	0.056591986528070265
34	28	0.07172550918515326
34	29	0.02266113283724822
34	30	n/a
34	31	n/a
34	32	0.06756477126704014
34	33	0.11796199010656272
34	34	0.0701249048805143
34	35	n/a
34	36	n/a
34	37	0.06383921754944802
34	38	n/a
34	39	n/a
34	40	n/a
34	41	n/a
34	42	n/a
34	43	n/a
34	44	n/a
34	45	0.08968060380235146
34	46	n/a
34	47	n/a
34	48	n/a
34	49	n/a
34	50	n/a
34	51	n/a
34	52	n/a
34	53	n/a
34	54	0.06919198298167625
34	55	n/a
34	56	n/a
34	57	n/a
34	58	n/a
34	59	n/a
34	60	0.05883959014437439
34	61	0.11792086931070062
34	62	n/a
34	63	0.04497275491986283
34	64	0.07979251411867684
34	65	n/a
34	66	n/a
34	67	0.15808555527098486
34	68	n/a
34	69	0.04434570615726009
34	70	0.12115342998382965
34	71	0.07407030112251771
34	72	0.04043991535678945
34	73	n/a
34	74	0.03556725031423175
34	75	0.01939362834663793
34	76	0.011127344445205065
34	77	n/a
34	78	0.12971025072324904
34	79	n/a
34	80	0.04299671015514614
34	81	n/a
34	82	n/a
34	83	0.07610572781802616
35	0	n/a
35	1	n/a
35	2	n/a
35	3	n/a
35	4	n/a
35	5	n/a
35	6	n/a
35	7	n/a
35	8	n/a
35	9	n/a
35	10	n/a
35	11	n/a
35	12	n/a
35	13	n/a
35	14	n/a
35	15	n/a
35	16	n/a
35	17	n/a
35	18	n/a
35	19	n/a
35	20	n/a
35	21	n/a
35	22	n/a
35	23	n/a
35	24	n/a
35	25	n/a
35	26	n/a
35	27	n/a
35	28	n/a
35	29	n/a
35	30	n/a
35	31	n/a
35	32	n/a
35	33	n/a
35	34	n/a
35	35	n/a
35	36	n/a
35	37	n/a
35	38	n/a
35	39	n/a
35	40	n/a
35	41	n/a
35	42	n/a
35	43	n/a
35	44	n/a
35	45	n/a
35	46	n/a
35	47	n/a
35	48	n/a
35	49	n/a
35	50	n/a
35	51	n/a
35	52	n/a
35	53	n/a
35	54	n/a
35	55	n/a
35	56	n/a
35	57	n/a
35	58	n/a
35	59	n/a
35	60	n/a
35	61	n/a
35	62	n/a
35	63	n/a
35	64	n/a
35	65	n/a
35	66	n/a
35	67	n/a
35	68	n/a
35	69	n/a
35	70	n/a
35	71	n/a
35	72	n/a
35	73	n/a
35	74	n/a
35	75	n/a
35	76	n/a
35	77	n/a
35	78	n/a
35	79	n/a
35	80	n/a
35	81	n/a
35	82	n/a
35	83	n/a
36	0	n/a
36	1	n/a
36	2	n/a
36	3	n/a
36	4	n/a
36	5	n/a
36	6	n/a
36	7	n/a
36	8	n/a
36	9	n/a
36	10	n/a
36	11	n/a
36	12	n/a
36	13	n/a
36	14	n/a
36	15	n/a
36	16	n/a
36	17	n/a
36	18	n/a
36	19	n/a
36	20	n/a
36	21	n/a
36	22	n/a
36	23	n/a
36	24	n/a
36	25	n/a
36	26	n/a
36	27	n/a
36	28	n/a
36	29	n/a
36	30	n/a
36	31	n/a
36	32	n/a
36	33	n/a
36	34	n/a
36	35	n/a
36	36	n/a
36	37	n/a
36	38	n/a
36	39	n/a
36	40	n/a
36	41	n/a
36	42	n/a
36	43	n/a
36	44	n/a
36	45	n/a
36	46	n/a
36	47	n/a
36	48	n/a
36	49	n/a
36	50	n/a
36	51	n/a
36	52	n/a
36	53	n/a
36	54	n/a
36	55	n/a
36	56	n/a
36	57	n/a
36	58	n/a
36	59	n/a
36	60	n/a
36	61	n/a
36	62	n/a
36	63	n/a
36	64	n/a
36	65	n/a
36	66	n/a
36	67	n/a
36	68	n/a
36	69	n/a
36	70	n/a
36	71	n/a
36	72	n/a
36	73	n/a
36	74	n/a
36	75	n/a
36	76	n/a
36	77	n/a
36	78	n/a
36	79	n/a
36	80	n/a
36	81	n/a
36	82	n/a
36	83	n/a
37	0	0.01850232927385743
37	1	0.05489870553078936
37	2	n/a
37	3	0.013013878277723998
37	4	n/a
37	5	n/a
37	6	0.0025747854304345565
37	7	n/a
37	8	n/a
37	9	0.02901471246179956
37	10	n/a
37	11	n/a
37	12	n/a
37	13	n/a
37	14	n/a
37	15	0.05318014546949804
37	16	0.09023929617897153
37	17	0.04230769303700405
37	18	n/a
37	19	n/a
37	20	0.03807479207454379
37	21	n/a
37	22	n/a
37	23	n/a
37	24	n/a
37	25	n/a
37	26	n/a
37	27	n/a
37	28	n/a
37	29	0.044077112715821515
37	30	0.03413989396209903
37	31	0.043349233868139804
37	32	0.042768598581205665
37	33	0.050175189539575435
37	34	0.06383921754944802
37	35	n/a
37	36	n/a
37	37	0.14636062428150742
37	38	0.10376292796525247
37	39	n/a
37	40	n/a
37	41	n/a
37	42	n/a
37	43	n/a
37	44	n/a
37	45	0.03469030624300628
37	46	n/a
37	47	n/a
