0   0   0.02098588531615645
0   1   0.011965202508292005
0   2   -0.18256911753884217
0   3   0.06124965694049104
0   4   0.037209279586769416
0   5   0.041076074400859905
0   6   -0.0007550588282901044
0   7   -0.06349374086719628
0   8   0.04953029859108536
0   9   0.006486988928578608
0   10   -0.06937674158690342
0   11   -0.00011026360117082005
0   12   -0.06631800776042389
0   13   0.008783923592089607
0   14   0.048474908549084886
0   15   -0.08499872020849956
0   16   -0.020217681283399815
0   17   -0.09797266790636723
0   18   -0.00586671189925516
0   19   0.07251614732343478
0   20   -0.01420146862115675
0   21   -0.016617733616556905
0   22   -0.045306305067967144
0   23   0.07106707916133921
0   24   -0.09533090482318966
0   25   -0.07208206349636789
0   26   -0.0985631711660242
0   27   -0.09805837885467919
0   28   -0.03038763291217769
0   29   -0.006766536760153424
0   30   0.04919077481822634
0   31   0.02631851828950596
0   32   0.06499060590804799
0   33   -0.009117399745268777
0   34   0.004662844114325941
0   35   -0.0283210351456473
0   36   0.08703857899318854
0   37   0.01850232927385743
0   38   -0.018134413125262233
0   39   8.984160724952144e-05
0   40   0.0727060838131844
0   41   0.12842101883331689
0   42   0.0706499146377725
0   43   0.004868840039138822
0   44   -0.028733080624906038
0   45   0.08851189409155194
0   46   -0.041383234220909206
0   47   0.03257000292834101
0   48   0.021922780883196533
0   49   -0.008048773227451338
0   50   0.012246643470034789
0   51   0.06427990620118706
0   52   0.1604338861849308
0   53   0.041355422211977584
0   54   0.12755436180873872
0   55   0.08774765548015845
0   56   -0.05955038203809514
0   57   0.11602873195752701
0   58   -0.07784850968502854
0   59   -0.005516203261521125
0   60   -0.15541143983680064
0   61   0.04135542221197762
0   62   0.052578540870800196
0   63   0.05437157674947248
0   64   0.08199121349844217
0   65   -0.005186307854238398
0   66   0.0
0   67   0.13840000625207485
0   68   -0.08300217905704962
0   69   0.10990006816649846
0   70   0.11223940440068682
0   71   -0.10381302409144101
0   72   -0.040933334433385336
0   73   0.07184921785845093
0   74   -0.022374802169255786
0   75   -0.024532009644706854
0   76   -0.07545437217179861
0   77   0.08894159612101471
0   78   0.1414427853901222
0   79   0.0413554222119777
0   80   0.0
0   81   0.0028020597826168806
0   82   -0.07287109420003167
0   83   -0.01273182465169518
1   0   0.011965202508292005
1   1   0.10095621150634868
1   2   0.03766687980040411
1   3   0.1825033901116914
1   4   0.02818855901349208
1   5   0.04039925949518841
1   6   -0.08462025122884966
1   7   0.06580475745863218
1   8   0.05050322811719774
1   9   -0.012074314573033066
1   10   0.14481434674263005
1   11   0.09557530093865332
1   12   0.12335180631833578
1   13   -0.006785415954071352
1   14   0.046142602254464975
1   15   0.0038653431299686984
1   16   0.04757872242908783
1   17   -0.005868996729694876
1   18   0.11432038663693815
1   19   0.059197752555595125
1   20   -0.06734222028613848
1   21   0.031177011342571975
1   22   -0.03601703631016654
1   23   0.014779063326349753
1   24   0.11322049583853547
1   25   -0.014211386919855249
1   26   0.08950330345294782
1   27   -0.0855884903514412
1   28   0.002356951016061054
1   29   -0.1200225706315547
1   30   0.09907204540955807
1   31   -0.12137553823726702
1   32   -0.1907262093687229
1   33   0.08213396649107883
1   34   -0.014108981399698281
1   35   0.049931623294612086
1   36   0.05882147811170616
1   37   0.05489870553078936
1   38   -0.09604501873482386
1   39   0.04756217472247765
1   40   -0.16391112137481256
1   41   0.0897257682832347
1   42   0.04599240063622211
1   43   0.009129139280678248
1   44   0.024124300423913822
1   45   -0.03848776767888966
1   46   -0.06036452371899074
1   47   -0.07605038951098955
1   48   -0.0016351129602662762
1   49   -0.02940162230592341
1   50   0.04426206488990888
1   51   0.040290156984315706
1   52   0.02335807786711227
1   53   -0.09460320676988694
1   54   0.09723252120864774
1   55   0.06139671803257275
1   56   0.008129144856528712
1   57   -0.04190792927711473
1   58   -0.09605933373872062
1   59   0.1750667596898963
1   60   -0.1350330056884453
1   61   0.05539679006169679
1   62   0.011715976182938001
1   63   0.09605571955171933
1   64   0.021072650117153764
1   65   0.045573300682643245
1   66   -0.034265230537656254
1   67   -0.06214948211533693
1   68   0.12504429709109638
1   69   0.11069412043274177
1   70   0.053969048437552035
1   71   0.06453787678689457
1   72   0.10047252451020702
1   73   0.10792264207408127
1   74   0.016467834892274377
1   75   0.06200632882168992
1   76   0.06261740326147798
1   77   0.0037105825644523634
1   78   -0.012327879170924773
1   79   0.01317174464579187
1   80   -0.10970972110120492
1   81   -0.03792747498457523
1   82   -0.14536228542313953
1   83   0.057307452707792035
2   0   -0.18256911753884217
2   1   0.03766687980040411
2   2   -0.06535799965800088
2   3   0.0075486549939066845
2   4   0.01744382231012089
2   5   -0.0511033256591019
2   6   -0.14228706928052237
2   7   -0.12608229863196166
2   8   0.07460527835230474
2   9   -0.13013918842566127
2   10   0.23272970964382733
2   11   0.1029570296462609
2   12   -0.16353389373237634
2   13   -0.13348765254268358
2   14   0.12750891437526016
2   15   -0.05078722043828787
2   16   0.007706703285272355
2   17   -0.03892093692100069
2   18   -0.03013881851281147
2   19   0.04162589581983892
2   20   -0.1105665680729618
2   21   -0.09733285918833676
2   22   -0.07492606335196562
2   23   -0.030820112770542238
2   24   -0.05954807210767282
2   25   -0.12440172187919084
2   26   -0.05662882343073847
2   27   -0.0942441024575662
2   28   -0.10546186110073805
2   29   -0.1041333090893012
2   30   -0.18091815659917995
2   31   -0.05940504150864543
2   32   -0.058415416219674575
2   33   0.08888855000086046
2   34   -0.01801180151462931
2   35   0.052204642330908275
2   36   -0.03732306553413906
2   37   0.09090120875300994
2   38   -0.002279615430512746
2   39   -0.10623203903193625
2   40   0.08170090203919822
2   41   -0.09785881819343546
2   42   0.0028364049690818723
2   43   -0.10326151695264181
2   44   -0.018449468973624056
2   45   -0.07883894756138518
2   46   -0.2087673045035269
2   47   -0.023441091173283725
2   48   0.05138708844070019
2   49   -0.1786771333615834
2   50   -0.09575534000946684
2   51   -0.04899667070001624
2   52   0.20133807501964604
2   53   0.12764027906259767
2   54   -0.07001141068592501
2   55   0.044893334491658846
2   56   -0.14616714481565607
2   57   0.27376308909535135
2   58   -0.00887998094707675
2   59   0.05013235571037672
2   60   0.06918910297295383
2   61   0.03136725344615563
2   62   -0.07772892505194717
2   63   0.06365946557070586
2   64   -0.07200979429492503
2   65   -0.0037855855127032364
2   66   0.025755210468761964
2   67   0.016022911876509414
2   68   0.0036650328012301308
2   69   0.060488654169916174
2   70   0.06391902858180022
2   71   -0.01581590780062059
2   72   -0.04287462298168502
2   73   -0.07776092464547739
2   74   -0.013455312062488255
2   75   -0.04034639879809696
2   76   0.03355140158381114
2   77   -0.20597315173535136
2   78   -0.22476241039123412
2   79   0.04518994525515614
2   80   0.0
2   81   0.17396714359181287
2   82   0.03375248733418352
2   83   0.042700268081411204
3   0   0.06124965694049104
3   1   0.1825033901116914
3   2   0.0075486549939066845
3   3   -0.0214395745905455
3   4   -0.057623556127422745
3   5   -0.049003913748474244
3   6   -0.025181685876596777
3   7   -0.028578084638122617
3   8   0.0023014879973522165
3   9   0.007479386737392893
3   10   -0.01960259935131137
3   11   -0.08724706595871613
3   12   -0.004685050409784593
3   13   -0.0037931785428977727
3   14   0.06164430277098163
3   15   -0.08165443817283485
3   16   0.036257276928352594
3   17   -0.0589772606778165
3   18   0.047477557981977184
3   19   -0.0946807416755604
3   20   0.05733722619354237
3   21   0.020642177663409093
3   22   0.0712799926962309
3   23   -0.09502539904471166
3   24   0.09342620556261161
3   25   0.15449016848553573
3   26   -0.02124631060114738
3   27   -0.07287063933222722
3   28   -0.08760080910012784
3   29   0.07369806473241873
3   30   -0.1667444469967391
3   31   0.022664762316016957
3   32   0.10482471381318216
3   33   0.04722411513854407
3   34   -0.06754225196372378
3   35   0.00917712055520317
3   36   0.09029111755610611
3   37   0.013013878277723998
3   38   0.07253269588156469
3   39   0.014397790738021577
3   40   0.01375478233729715
3   41   0.12200301569272176
3   42   -0.05408668168436692
3   43   0.06965471487733776
3   44   -0.12962191851889376
3   45   0.08348688779022274
3   46   0.008149454112675442
3   47   0.013913642878814783
3   48   -0.1531504386832777
3   49   0.03902147741213459
3   50   -0.15406558153192265
3   51   0.1506049464326788
3   52   0.09359682276171771
3   53   0.10455862273050297
3   54   0.0442741928116858
3   55   -0.09717307180988491
3   56   -0.08737666549348143
3   57   -0.07889593344364729
3   58   -0.1153035575724613
3   59   0.1298534871085242
3   60   -0.13689618242817242
3   61   -0.11669074099287496
3   62   0.06849153612966968
3   63   0.035507045687210075
3   64   0.010789487331919615
3   65   0.004257000091868284
3   66   0.01114239354934116
3   67   0.07790165544326115
3   68   -0.03530004863448003
3   69   0.031004236153965966
3   70   0.054761511826052704
3   71   0.08685639830632333
3   72   -0.0586522597754975
3   73   -0.06439017810725003
3   74   0.15158732811219047
3   75   0.14995612894244134
3   76   -0.07424483850831855
3   77   0.09544094096816422
3   78   0.07351816358271362
3   79   0.0
3   80   -0.08480030774021953
3   81   0.16805460693320368
3   82   -0.007826314298775578
3   83   -0.1000010569885234
4   0   0.037209279586769416
4   1   0.02818855901349208
4   2   0.01744382231012089
4   3   -0.057623556127422745
4   4   0.12848932613554173
4   5   0.07612465450437582
4   6   0.07130477313418403
4   7   0.05076487765020803
4   8   0.2308566155422668
4   9   0.06044588101041386
4   10   0.010171287574314165
4   11   0.05960506954384174
4   12   0.0009603597089881137
4   13   -0.026909555369584934
4   14   0.11756572881172106
4   15   -0.007541696700292791
4   16   -0.18557857975075545
4   17   -0.1143630006798533
4   18   -0.14257917572801676
4   19   0.04969297165402838
4   20   0.057612519327463016
4   21   0.009564513106757745
4   22   0.09557357231995965
4   23   0.08614799202423429
4   24   -0.014975381340074161
4   25   -0.015087414565393156
4   26   0.133618070103664
4   27   0.1338897341664877
4   28   -0.04009962308793109
4   29   -0.05193873481478552
4   30   0.0457793068187138
4   31   0.0959152097448146
4   32   0.15049358169015847
4   33   0.12344699931817607
4   34   0.05183447728212531
4   35   -0.014487970041372276
4   36   0.05810596683899651
4   37   -0.04906452742230013
4   38   0.06349909654007992
4   39   -0.018228051677825444
4   40   0.20846682189829466
4   41   0.054771093428792335
4   42   0.09985156220507119
4   43   0.015459192787267581
4   44   -0.0476918506269178
4   45   0.025002084416228774
4   46   0.1657422879405498
4   47   0.01228616361711832
4   48   0.1459145010385204
4   49   -0.13992274976384153
4   50   0.024209134671819114
4   51   0.08615316715503
4   52   0.05631731366334683
4   53   0.07946264039756826
4   54   -0.0639576279607046
4   55   0.22227775462119062
4   56   -0.08627346995981842
4   57   -0.09765358711181221
4   58   -0.0961224160850865
4   59   0.011142393549341155
4   60   -0.004233312370503325
4   61   0.0027910858249190515
4   62   0.029272386452801512
4   63   0.022697598735856542
4   64   0.12390230749837526
4   65   0.08031410696050956
4   66   0.0
4   67   -0.15502926409515952
4   68   -0.0046506218409721545
4   69   0.006219981668025574
4   70   0.030565246703779525
4   71   0.21220042767813768
4   72   0.1269180337564166
4   73   -0.03417714944461364
4   74   0.10716770139624963
4   75   0.06799375404879227
4   76   0.11967712686094244
4   77   0.0037199955161035924
4   78   0.023612817786224663
4   79   0.0
4   80   -0.10083865734288272
4   81   -0.04928366377593206
4   82   0.04733100606352572
4   83   0.06264977550006115
5   0   0.041076074400859905
5   1   0.04039925949518841
5   2   -0.0511033256591019
5   3   -0.049003913748474244
5   4   0.07612465450437582
5   5   0.07160372295596112
5   6   0.002489881754599591
5   7   -0.0035152199976045866
5   8   0.009370945520095124
5   9   -0.03356756936563353
5   10   -0.026562655452514197
5   11   0.06746840359135424
5   12   -0.005898061932549427
5   13   0.005629853285237651
5   14   0.12799139826878475
5   15   0.013602381469435815
5   16   -0.018357640054745404
5   17   -0.13780647380247943
5   18   0.07544906636712928
5   19   0.01227657966109878
5   20   0.01270850555889241
5   21   0.04812380212097781
5   22   -0.08986933275521167
5   23   0.018918774054558753
5   24   -0.11120908114118552
5   25   -0.04426152808259151
5   26   0.1279256609752216
5   27   -0.00031745731509390387
5   28   0.017665102529670986
5   29   -0.05138364525971339
5   30   0.11183910914377128
5   31   0.07699010311330705
5   32   -0.03298200384373877
5   33   0.10322462640171072
5   34   -0.007637872052443216
5   35   0.058889091948182405
5   36   -0.022481578245059867
5   37   0.02858956829159227
5   38   -0.0045224761625938135
5   39   0.15072057965617905
5   40   0.06776911239380567
5   41   0.07583805060858251
5   42   0.23513011119333332
5   43   0.021829402405303115
5   44   0.008387646858007474
5   45   -0.0209863483432349
5   46   0.09412837635711695
5   47   -0.1173808447695805
5   48   0.031274769735207576
5   49   -0.09202486855610935
5   50   0.04927126317291605
5   51   0.1077715115449005
5   52   -0.019196632436129388
5   53   0.2404042897444668
5   54   0.014496226868531865
5   55   0.04424015068411957
5   56   -0.05229549925732688
5   57   0.015371162266674135
5   58   -0.09968656425222247
5   59   -0.22634693028012337
5   60   -0.08804311976259015
5   61   -0.04609336377944409
5   62   -0.10477560106186203
5   63   -0.03187192790449579
5   64   0.022920446536311527
5   65   0.1227779949583457
5   66   -0.14764020748816659
5   67   -0.09426506311185921
5   68   -0.02875160444520093
5   69   0.04238918137939043
5   70   0.07027791202032464
5   71   -0.015126360678046269
5   72   -0.03056931016124326
5   73   0.11203536097148113
5   74   0.2035159699466046
5   75   -0.019962489466174783
5   76   -0.04916620985442102
5   77   -0.06886025492505148
5   78   0.01666088406841251
5   79   0.04184072194062981
5   80   0.06629666745245548
5   81   -0.11163475655054081
5   82   -0.09750712030447693
5   83   0.06327609745138564
6   0   -0.0007550588282901044
6   1   -0.08462025122884966
6   2   -0.14228706928052237
6   3   -0.025181685876596777
6   4   0.07130477313418403
6   5   0.002489881754599591
6   6   -0.03803644914635675
6   7   -0.04437993491168422
6   8   -0.02955930146627226
6   9   -0.055679158615102954
6   10   -0.05448221889564662
6   11   0.010795868535244342
6   12   -0.1213434728295985
6   13   -0.06904260153609497
6   14   0.1271000298558397
6   15   0.1802418510968345
6   16   -0.0775286690335554
6   17   -0.00386013487573144
6   18   -0.1205824544584577
6   19   0.07642818813183969
6   20   -0.021376172548240376
6   21   -0.015144355248576718
6   22   -0.07823018426398222
6   23   -0.04522491714836614
6   24   -0.13271645666435986
6   25   -0.07831040917712952
6   26   -0.07145539928684803
6   27   -0.029126782256209346
6   28   -0.06822353246563324
6   29   -0.07979550213513363
6   30   0.14953062454342336
6   31   -0.12105279444743107
6   32   -0.008412969336737006
6   33   0.04100811798989145
6   34   -0.007546683492049856
6   35   0.027706845367484332
6   36   -0.08565065609534933
6   37   0.0025747854304345565
6   38   0.05604787305241444
6   39   -0.03181572858697949
6   40   -0.10355113137253297
6   41   0.17790770717200816
6   42   0.0656126858637214
6   43   0.05647483730526002
6   44   -0.13074410519020022
6   45   0.04258176197796258
6   46   0.03297716759539077
6   47   -0.003909793184582788
6   48   0.06447969030638734
6   49   -0.028342425983240056
6   50   -0.09270490353817015
6   51   -0.09784352226565304
6   52   -0.059813538155850436
6   53   0.10733414336878146
6   54   -0.03345127880709263
6   55   -0.020455775098747058
6   56   -0.0167247271367983
6   57   0.048285628948857
6   58   -0.06794233936835739
6   59   -0.10266181970669214
6   60   -0.04542961583985216
6   61   0.012022917144575736
6   62   -0.04182193380497743
6   63   -0.01919934401414481
6   64   0.08453727511107909
6   65   0.03760513844051276
6   66   -0.17020347108367365
6   67   0.0878606602588888
6   68   -0.1276745729017035
6   69   -0.02737810292031055
6   70   -0.024023601472624587
6   71   -0.0014012854935530979
6   72   0.005862157106487105
6   73   -0.02601293201761389
6   74   0.08611493366323134
6   75   -0.04072455296586952
6   76   -0.05201581917928347
6   77   -0.08360412400476934
6   78   -0.03255037932067524
6   79   0.14710102253120588
6   80   0.06632951827912151
6   81   0.06719254187727812
6   82   -0.11111137152679723
6   83   0.08009020474132279
7   0   -0.06349374086719628
7   1   0.06580475745863218
7   2   -0.12608229863196166
7   3   -0.028578084638122617
7   4   0.05076487765020803
7   5   -0.0035152199976045866
7   6   -0.04437993491168422
7   7   0.057538789804668616
7   8   -0.007847689846348586
7   9   0.035453361404142354
7   10   -0.06319090677601498
7   11   -0.031018174446277847
7   12   -0.029067302698494273
7   13   -0.052785010185243
7   14   0.08491980816028273
7   15   -0.0316135891979334
7   16   -0.04139255239194866
7   17   -0.026725476329155975
7   18   -0.014421462784096447
7   19   -0.003758327358480252
7   20   0.022876732664279753
7   21   -0.07780917420157649
7   22   -0.09302008538481531
7   23   0.02161315358448664
7   24   -0.10374216436322338
7   25   -0.05722119933396417
7   26   -0.05378184167577217
7   27   -0.004859425651313068
7   28   0.03532313729151458
7   29   -0.030483406971200232
7   30   0.038854499259360485
7   31   -0.06412994497297628
7   32   -0.1126964860030083
7   33   0.023979855399130407
7   34   -0.02496124911688708
7   35   0.09049099302076072
7   36   0.011597013775035123
7   37   0.013118745725086962
7   38   -0.10531477273616971
7   39   0.05883658809461438
7   40   0.1427707311444664
7   41   0.013106933440374207
7   42   0.0015833377444922235
7   43   -0.01178233565043122
7   44   0.006864706287399425
7   45   0.027881329282406116
7   46   -0.011828434100275833
7   47   -0.06424379390484274
7   48   -0.05204391879541248
7   49   -0.007814153526866128
7   50   0.056673467950775665
7   51   0.06544196043487639
7   52   0.10283354418979711
7   53   0.2314345935135263
7   54   0.031340801983489354
7   55   0.07471811435216888
7   56   0.02809423230901008
7   57   -0.00784976324891227
7   58   0.021515675704254614
7   59   -0.1349317231184885
7   60   -0.11239906874088443
7   61   -0.03639781050153009
7   62   -0.01998775072276945
7   63   -0.08329912256751808
7   64   -0.02377736107514968
7   65   -0.05742850513727113
7   66   0.014833311037740484
7   67   0.0370309972045722
7   68   0.12453903674762999
7   69   0.16451802868629745
7   70   -0.00978275388779731
7   71   0.07801413341643137
7   72   0.04391806401553054
7   73   0.057881286396418506
7   74   0.06949794051981796
7   75   0.01297204685884857
7   76   0.016754186795421858
7   77   0.12916513471167204
7   78   -0.041911550566337344
7   79   0.06410801420047811
7   80   0.12255562651957491
7   81   0.10267815275337923
7   82   0.060332178726181115
7   83   0.0399823149145725
8   0   0.04953029859108536
8   1   0.05050322811719774
8   2   0.07460527835230474
8   3   0.0023014879973522165
8   4   0.2308566155422668
8   5   0.009370945520095124
8   6   -0.02955930146627226
8   7   -0.007847689846348586
8   8   0.09100614280322487
8   9   0.018647158650409962
8   10   -0.046149514072697774
8   11   0.0415245861570063
8   12   -0.11162900807742318
8   13   -0.017365296870201063
8   14   0.1243458874929921
8   15   -0.004946129542829128
8   16   0.010457197161547048
8   17   0.04354154746827939
8   18   0.021397621000986595
8   19   0.006792450926847169
8   20   0.11389674312506916
8   21   0.0681294219885028
8   22   0.11743217068328392
8   23   -0.008600336198252867
8   24   0.052193377559771326
8   25   -0.029573367392627767
8   26   0.03261448290652736
8   27   0.012433134582931632
8   28   -0.03560507436571957
8   29   -0.05350412757222842
8   30   0.03853135798808868
8   31   0.06358134697435427
8   32   0.08430265109157138
8   33   -0.05481961484490934
8   34   0.004541093692473601
8   35   0.07856505086699701
8   36   0.0026243138705655334
8   37   0.021523353553525738
8   38   0.0455885207476904
8   39   0.14698055468746155
8   40   0.11767983339655357
8   41   0.0031617670351439166
8   42   0.014961832885250038
8   43   0.02031608946756244
8   44   0.07077707716998166
8   45   0.1249416249460199
8   46   0.08606566729346682
8   47   -0.012729726478736728
8   48   0.15061762009289673
8   49   0.05721993389745994
8   50   -0.024548816352754205
8   51   0.0021361289084247726
8   52   0.06977156614975714
8   53   -0.004081918352228824
8   54   -0.12704635314907956
8   55   0.03135343102069176
8   56   0.06157253318631559
8   57   0.07795986619312782
8   58   0.036308847671719886
8   59   -0.022274081594052104
8   60   0.059105341396607565
8   61   -0.07283967472084259
8   62   0.14773651385538916
8   63   0.0889205529134704
8   64   0.07910587264224701
8   65   0.11212314785253792
8   66   0.03466653072404705
8   67   0.06840324092946296
8   68   0.05093821200031152
8   69   0.1391072085315992
8   70   0.0060931552181404435
8   71   0.044901804651050974
8   72   0.07742312979423967
8   73   -0.07151161250045762
8   74   0.19304508128249184
8   75   0.029579386702366237
8   76   0.03762638598321238
8   77   0.051276152540163975
8   78   0.12207946294514431
8   79   0.04991021370032723
8   80   0.020151168107634676
8   81   0.10808454976520994
8   82   0.05105668792028326
8   83   0.030929729566507597
9   0   0.006486988928578608
9   1   -0.012074314573033066
9   2   -0.13013918842566127
9   3   0.007479386737392893
9   4   0.06044588101041386
9   5   -0.03356756936563353
9   6   -0.055679158615102954
9   7   0.035453361404142354
9   8   0.018647158650409962
9   9   0.018685365285444348
9   10   -0.13601763733438563
9   11   0.008879577827993678
9   12   -0.12786796581806492
9   13   0.02061432579125778
9   14   0.11741009822886314
9   15   0.005192167473839119
9   16   0.0188192564878434
9   17   -0.15559494316804579
9   18   0.028235059478731256
9   19   0.031059203632747095
9   20   0.0029550824590649067
9   21   0.09640040615119118
9   22   -0.015430786012582477
9   23   -0.02184266455450099
9   24   -0.049760178194333114
9   25   -0.05730854215146467
9   26   -0.07031749371885089
9   27   0.007103302971110559
9   28   0.023041604697187815
9   29   0.027762316576940574
9   30   0.18773472402337926
9   31   -0.07356115730444662
9   32   0.030213251695541753
9   33   0.03586288095789806
9   34   0.014136808260547768
9   35   0.018947644700214657
9   36   -0.05243206251079376
9   37   0.02901471246179956
9   38   -0.05667959002511435
9   39   0.019996808332415624
9   40   0.06627109181463715
9   41   -0.03424238145623735
9   42   -0.009798088264738596
9   43   0.031369197872127455
9   44   -0.01610109235775991
9   45   0.1547484017241682
9   46   0.11865408274036367
9   47   0.008473425557025245
9   48   0.09405335336396331
9   49   -0.14111428691071407
9   50   0.012377223260739815
9   51   0.06174517579128148
9   52   -0.049469339876647325
9   53   0.10422548629476361
9   54   0.04457045515972702
9   55   -0.07565093511043779
9   56   0.005799065294580207
9   57   -0.0741449690127591
9   58   -0.1006634481970989
9   59   0.02068010885885353
9   60   -0.12804153849811922
9   61   -0.06644864396383592
9   62   0.05914960080963702
9   63   -0.02236061712534815
9   64   0.09793813140243803
9   65   0.043334406615793526
9   66   0.00987083601595731
9   67   -0.045648428620296166
9   68   -0.09414969442810749
9   69   0.056925996976279106
9   70   0.03932936076580629
9   71   0.05773363431462572
9   72   -0.05783271614924612
9   73   -0.10982420527942778
9   74   -0.1237994196862487
9   75   0.10372540686430068
9   76   -0.03659857340358095
9   77   -0.043730185749534405
9   78   0.06332615904053099
9   79   0.0
9   80   0.01239415928515128
9   81   0.04999149637936681
9   82   0.02390031543892056
9   83   -0.09148037344883228
10   0   -0.06937674158690342
10   1   0.14481434674263005
10   2   0.23272970964382733
10   3   -0.01960259935131137
10   4   0.010171287574314165
10   5   -0.026562655452514197
10   6   -0.05448221889564662
10   7   -0.06319090677601498
10   8   -0.046149514072697774
10   9   -0.13601763733438563
10   10   0.016567896680890534
10   11   -0.17333275588691321
10   12   0.12824731989694246
10   13   -0.004864956008853371
10   14   0.014531530339162052
10   15   -0.052442964897242976
10   16   -0.0030648945146583345
10   17   -0.023945148581040653
10   18   -0.059831000802139336
10   19   -0.11926932829263732
10   20   0.09350339635699811
10   21   0.20813025568104973
10   22   0.05394219040146543
10   23   0.0042488316049520145
10   24   0.032629690996441967
10   25   0.0038950402637556846
10   26   -0.015496504070577977
10   27   -0.10541469033012074
10   28   -0.07921676913680768
10   29   -0.03330202206126187
10   30   -0.02490547145060918
10   31   -0.15133021615752482
10   32   -0.006029363938231551
10   33   0.025472103937354593
10   34   0.11624780552337448
10   35   0.18527871466125143
10   36   -0.005154293815013836
10   37   0.03275433951896004
10   38   0.02384484922548645
10   39   -0.2029608431788898
10   40   -0.1295150724569214
10   41   -0.058086953724634585
10   42   -0.026350645208023823
10   43   0.009376623574005956
10   44   0.031100625829177914
10   45   -0.16209057923554518
10   46   -0.10572701906074658
10   47   0.04234842888798285
10   48   -0.02394651446221041
10   49   0.025692295894459937
10   50   -0.11683888191864204
10   51   0.010536850071248884
10   52   -0.06166449523649332
10   53   0.12284699400811654
10   54   -0.008527458749204152
10   55   -0.08398893892377896
10   56   0.07292265663755117
10   57   -0.050015197317656766
10   58   0.06433492045684987
10   59   0.08017650184434989
10   60   -0.024485685390913548
10   61   -0.023981419191806158
10   62   -0.06580484791685785
10   63   -0.05484244024227984
10   64   -0.06291793358242213
10   65   -0.16516302203486552
10   66   -0.10071827443819593
10   67   -0.0801410484714005
10   68   -0.08053152604413064
10   69   -0.22635740751123887
10   70   0.07913548727731293
10   71   -0.05733996285972255
10   72   -0.14186682014822607
10   73   -0.15843329473784643
10   74   0.01790294210533359
10   75   -0.037929859048681874
10   76   -0.0006737620291852435
10   77   -0.09575487807454398
10   78   0.054939058509069404
10   79   0.08716308222196378
10   80   -0.07421039000436634
10   81   -0.07486820460553043
10   82   -0.035224523989697665
10   83   0.017074444142727664
11   0   -0.00011026360117082005
11   1   0.09557530093865332
11   2   0.1029570296462609
11   3   -0.08724706595871613
11   4   0.05960506954384174
11   5   0.06746840359135424
11   6   0.010795868535244342
11   7   -0.031018174446277847
11   8   0.0415245861570063
11   9   0.008879577827993678
11   10   -0.17333275588691321
11   11   0.06404201629617044
11   12   -0.20135293304707844
11   13   -0.018778918170141625
11   14   0.05005736563612518
11   15   -0.06181253171927683
11   16   -0.03150161592733583
11   17   -0.1333774501730746
11   18   -0.061453092802092574
11   19   0.0397432195559464
11   20   0.1126308398780634
11   21   0.08441706876454766
11   22   -0.04123463206441041
11   23   0.001077016811880626
11   24   -0.050886681788886064
11   25   0.01274715485442766
11   26   0.0286262275092474
11   27   -0.013811603883370912
11   28   -0.012036125528865954
11   29   -0.03929246617816263
11   30   0.09491830151114497
11   31   0.12115511893341761
11   32   -0.007710949905862858
11   33   -0.0018399945194925397
11   34   -0.09104925090736848
11   35   0.047516907414548566
11   36   0.055013985151330616
11   37   0.012752437727979663
11   38   -0.06065377642084036
11   39   0.10056715532047027
11   40   -0.03281939063017405
11   41   0.1819814659236103
11   42   -0.07422969798495427
11   43   0.011390919696606116
11   44   0.1464505629596661
11   45   0.072960237224889
11   46   0.0008448793744359659
11   47   0.04491012984423429
11   48   -0.006202375288332367
11   49   -0.01674969514827001
11   50   0.16963036989901362
11   51   -0.02665699296894098
11   52   0.09131724656535599
11   53   0.0032277563302865317
11   54   -0.16203361320010276
11   55   -0.15984305956519496
11   56   -0.002601425472333798
11   57   0.07595177659922087
11   58   -0.005587097519485896
11   59   -0.09869138857148062
11   60   0.044615620332683896
11   61   -0.10901984278451263
11   62   0.04341390924125099
11   63   -0.09343973240743203
11   64   0.04617870429761071
11   65   0.03635644500573813
11   66   0.0
11   67   -0.06756665768055627
11   68   -0.020500568697643447
11   69   -0.17547478363243466
11   70   0.16422461129156168
11   71   0.1601280253477976
11   72   0.012308378063767677
11   73   0.20441700434218174
11   74   0.029032076027717676
11   75   0.08084508854470344
11   76   -0.04057574105922384
11   77   0.013719906182425766
11   78   0.0476120140588076
11   79   0.12515849956277722
11   80   0.03098724518427453
11   81   -0.09238732773784067
11   82   -0.0231503241453184
11   83   0.039983288346928346
12   0   -0.06631800776042389
12   1   0.12335180631833578
12   2   -0.16353389373237634
12   3   -0.004685050409784593
12   4   0.0009603597089881137
12   5   -0.005898061932549427
12   6   -0.1213434728295985
12   7   -0.029067302698494273
12   8   -0.11162900807742318
12   9   -0.12786796581806492
12   10   0.12824731989694246
12   11   -0.20135293304707844
12   12   0.060367011432869995
12   13   -0.03312713739115195
12   14   0.10645504908373422
12   15   0.05047961234279654
12   16   -0.037870478889106315
12   17   -0.0958731544518323
12   18   0.2774275004739549
12   19   -0.11434434713656909
12   20   -0.055331756637860746
12   21   0.09151507684387457
12   22   -0.07672648147257824
12   23   -0.12524584670455907
12   24   0.14355852873884575
12   25   0.12496014789189547
12   26   0.046341014213317794
12   27   -0.12803716742395704
12   28   -0.18180902701021748
12   29   -0.05726931895587443
12   30   0.007253563703801347
12   31   -0.04897430992537627
12   32   0.06372402270259621
12   33   -0.10062573602967459
12   34   -0.12969221035356585
12   35   0.0808375806186978
12   36   0.02628106362859392
12   37   -0.038947953714061796
12   38   -0.17932965365997744
12   39   -0.05336446471985913
12   40   -0.058601373534742505
12   41   0.038898468638063614
12   42   -0.042142885172422616
12   43   0.017474557759378114
12   44   0.04236430037955081
12   45   0.009318954950352993
12   46   -0.2224870328062873
12   47   -0.0585700692851143
12   48   -0.022585464945448667
12   49   -0.11918968611033791
12   50   0.06634006552445953
12   51   0.09464826794541914
12   52   -0.006377020728626058
12   53   -0.07423522390288423
12   54   0.052031284563860844
12   55   -0.03789178103092062
12   56   0.00046587727728899733
12   57   -0.01828732716986297
12   58   0.022217135911413267
12   59   -0.0263289830106087
12   60   -0.0774340666600946
12   61   0.02832059058694498
12   62   0.06112319214775993
12   63   -0.04418140187646186
12   64   -0.06591956166723255
12   65   0.03714787935722525
12   66   -0.10675877642174407
12   67   0.03485810635980485
12   68   -0.08480571088217764
12   69   0.0010694830908076524
12   70   0.02175084993849475
12   71   -0.07172259217118965
12   72   0.06395532985656936
12   73   0.00773198866276991
12   74   0.0016092026116369144
12   75   0.012545609944252367
12   76   0.00036397944868812496
12   77   -0.15119373950354467
12   78   -0.06165180507497671
12   79   0.07801536313470339
12   80   0.09004322830331518
12   81   -0.02676030177378805
12   82   -0.07309484636739604
12   83   0.08176633867074055
13   0   0.008783923592089607
13   1   -0.006785415954071352
13   2   -0.13348765254268358
13   3   -0.0037931785428977727
13   4   -0.026909555369584934
13   5   0.005629853285237651
13   6   -0.06904260153609497
13   7   -0.052785010185243
13   8   -0.017365296870201063
13   9   0.02061432579125778
13   10   -0.004864956008853371
13   11   -0.018778918170141625
13   12   -0.03312713739115195
13   13   -0.018392588609752306
13   14   0.08872532276049165
13   15   -0.012510223731772699
13   16   -0.046807306901633164
13   17   0.07975072348333166
13   18   0.060460631277316976
13   19   0.016161685634875002
13   20   0.005622934502078501
13   21   0.07890639033159405
13   22   -0.054067890010724005
13   23   0.010320585165676235
13   24   -0.01064204553718448
13   25   -0.05118085562631045
13   26   -0.029021647319944208
13   27   0.0001943929328666661
13   28   0.06895312136480457
13   29   -0.036907177045261336
13   30   -0.15622928406610395
13   31   -0.1458809971869024
13   32   0.03271229329528708
13   33   0.0071523929108714066
13   34   0.16700799658659515
13   35   0.09347519904727512
13   36   0.07538474359212918
13   37   -0.009661529594226063
13   38   0.03508095409107261
13   39   0.14664204971726197
13   40   0.04614926172316824
13   41   0.008366896198806744
13   42   -0.02407318644949411
13   43   -0.014886471841207735
13   44   0.11438679910759326
13   45   -0.12661100925136312
13   46   -0.09321339013713115
13   47   -0.09099893447620724
13   48   -0.03771106075047712
13   49   0.005153830406650852
13   50   0.09629340352747591
13   51   -0.004708924880481554
13   52   0.09174386104652382
13   53   -0.05474644797580021
13   54   0.04622483079135562
13   55   0.0629104476465872
13   56   0.06397997683103217
13   57   -0.09449574462143506
13   58   0.05246668876601318
13   59   -0.01214695533857845
13   60   -0.08432768450708947
13   61   -0.02841282401460361
13   62   -0.08749982973681669
13   63   0.036867534051309055
13   64   0.08895080358166431
13   65   0.03521871302413533
13   66   0.041943365645971196
13   67   -0.02100481577154579
13   68   0.1825003444970828
13   69   0.07383170543523697
13   70   -0.14626898010539915
13   71   -0.03199023671367758
13   72   0.002439706806873594
13   73   -0.05434166918062653
13   74   -0.15808548702676872
13   75   -0.037772753907355544
13   76   0.00806682900066238
13   77   -0.11914624991750251
13   78   -0.01744626084811424
13   79   -0.04268212199318913
13   80   0.0981717721466487
13   81   -0.023832109846708804
13   82   -0.01060482561910413
13   83   -0.021145018533693064
14   0   0.048474908549084886
14   1   0.046142602254464975
14   2   0.12750891437526016
14   3   0.06164430277098163
14   4   0.11756572881172106
14   5   0.12799139826878475
14   6   0.1271000298558397
14   7   0.08491980816028273
14   8   0.1243458874929921
14   9   0.11741009822886314
14   10   0.014531530339162052
14   11   0.05005736563612518
14   12   0.10645504908373422
14   13   0.08872532276049165
14   14   0.09964880440266645
14   15   0.002777795383180308
14   16   0.0652607377951712
14   17   0.06827354390362707
14   18   0.1529774119395179
14   19   0.08317497226494334
14   20   0.00033065771743638237
14   21   0.10032665928685656
14   22   0.019768644183869824
14   23   0.13323029419069257
14   24   0.07939872784362732
14   25   -0.0661527697840507
14   26   0.035077531677174034
14   27   0.07445512147519395
14   28   -0.0066787351032405375
14   29   0.07139933962708284
14   30   0.08764384571610202
14   31   -0.12363618227767494
14   32   0.08530944913502844
14   33   0.18529454577528628
14   34   0.03870437454192405
14   35   0.025640544246628108
14   36   -0.011308354594651045
14   37   0.09808219803776935
14   38   0.08548519659293022
14   39   0.12381381097806055
14   40   0.11539464171377485
14   41   0.022635651341369134
14   42   0.017401344199282735
14   43   -0.05704458422833264
14   44   -0.058320977455715024
14   45   -0.0488546412800774
14   46   0.14652344352947844
14   47   0.006404200806504907
14   48   0.028342908607345788
14   49   -0.0942143782600157
14   50   0.13601513934839796
14   51   0.028625384820895033
14   52   0.031522545783938566
14   53   0.08808691220708559
14   54   -0.040933444182310964
14   55   0.0053253878402169125
14   56   -0.008056316266843019
14   57   0.03505025673615021
14   58   0.09644414166220534
14   59   0.03726809460925072
14   60   0.17218865406576475
14   61   -0.05444762611533908
14   62   0.07114289695041215
14   63   -0.0675446737516155
14   64   -0.012599628925668394
14   65   0.13975836691005133
14   66   0.048163485751653606
14   67   0.14352199297494891
14   68   -0.0692334989103587
14   69   -0.03462449964411593
14   70   -0.00964205697764237
14   71   0.08210004860844414
14   72   0.05368483776269757
14   73   0.06758886459343226
14   74   0.2189433220867679
14   75   0.1516040998125558
14   76   0.050725192362466684
14   77   0.07015536668761105
14   78   0.10316960252657865
14   79   0.03071338763260846
14   80   0.1696067069266807
14   81   -0.08780124634915534
14   82   -0.12960983979451596
14   83   -0.06405079273245587
15   0   -0.08499872020849956
15   1   0.0038653431299686984
15   2   -0.05078722043828787
15   3   -0.08165443817283485
15   4   -0.007541696700292791
15   5   0.013602381469435815
15   6   0.1802418510968345
15   7   -0.0316135891979334
15   8   -0.004946129542829128
15   9   0.005192167473839119
15   10   -0.052442964897242976
15   11   -0.06181253171927683
15   12   0.05047961234279654
15   13   -0.012510223731772699
15   14   0.002777795383180308
15   15   0.059249176190495315
15   16   0.038323870938164147
15   17   -0.14948828844018486
15   18   -0.06178976004896648
15   19   0.04379123259686143
15   20   -0.01591534364516472
15   21   -0.0025787965344280643
15   22   0.01646330734816749
15   23   0.011880118843386541
15   24   -0.008972382449920845
15   25   -0.028139907624816288
15   26   0.006571985204013032
15   27   -0.03057483835913158
15   28   -0.011401253106811539
15   29   -0.0834419392545092
15   30   -0.02435851458895251
15   31   0.01524976970434225
15   32   0.05006520820818058
15   33   0.01227846378614213
15   34   -0.047904293278418046
15   35   0.042102579178906537
15   36   0.046984461577993936
15   37   0.05318014546949804
15   38   0.1346943813569552
15   39   0.07875042896894952
15   40   -0.03313022611373501
15   41   0.01960078643136071
15   42   -0.041894051946280396
15   43   0.006873060081111706
15   44   -0.008942218763294898
15   45   -0.045942272782546326
15   46   0.011326506157935437
15   47   -0.0978825982586712
15   48   -0.0341771494446137
15   49   0.01863971129289353
15   50   -0.1800214578358647
15   51   -0.05488451695327173
15   52   0.07188677129824934
15   53   -0.03226883669531735
15   54   -0.11141333575172423
15   55   -0.11821186922426563
15   56   0.09403006088731944
15   57   0.09296836187886261
15   58   0.1090681212392403
15   59   -0.15385683060451819
15   60   0.07828482932113415
15   61   -0.18171954932633919
15   62   -0.022495686733150753
15   63   0.1320156872388911
15   64   0.030676324932618033
15   65   0.06952300096949918
15   66   -0.1392780235922938
15   67   0.0770960432722949
15   68   0.11721001610447936
15   69   -0.007499264557783398
15   70   0.008371801097716685
15   71   0.009407506823827273
15   72   0.05540064056098465
15   73   0.0890401000990364
15   74   0.08789523885950787
15   75   -0.019517649543996093
15   76   0.003879658770875355
15   77   0.018865245991436165
15   78   0.04196234198314345
