0   0   -0.03883367947053282
0   1   -0.012721488221128249
0   2   -0.05810643980628979
0   3   0.03852912482892341
0   4   0.10256065618645126
0   5   -0.04298811408270444
0   6   -0.05971290231931188
0   7   -0.10767817376315714
0   8   0.036709197008076795
0   9   0.035658994128749656
0   10   -0.07185818603365952
0   11   0.09770208166915116
0   12   -0.03829272661846224
0   13   -0.05205337076482819
0   14   -0.07980749419205997
0   15   -0.08583793715529843
0   16   -0.021158808075923234
0   17   0.0952813259840668
0   18   0.17950271542687513
0   19   0.09472776646862409
0   20   -0.034450566642737816
0   21   0.1266385570249712
0   22   -0.055805687227863145
0   23   -0.08175247032421341
0   24   0.03745163534794004
0   25   -0.037185396149470196
0   26   -0.1892151739289811
0   27   0.011380413058468286
0   28   -0.04662262707202678
0   29   0.023950509722345862
0   30   0.10201822646883231
0   31   0.10739724059255293
0   32   -0.11733297390801552
0   33   -0.0700801242349384
0   34   0.08318176325521583
0   35   -0.04947094689329045
0   36   -0.014069783349934641
0   37   -0.04931898732113033
0   38   0.05666102334794314
0   39   0.09412162892290674
0   40   8.472045115597766e-05
0   41   0.12184596420966684
0   42   -0.02956374611315323
0   43   -0.044261849852469386
0   44   -0.11424185663498697
0   45   0.23918540658399157
0   46   0.06725533326177721
0   47   0.011508051985374178
0   48   0.16124958639411652
0   49   -0.048537070666079235
0   50   0.06193033626412473
0   51   0.13365490642874794
0   52   -0.13206284817020028
0   53   0.060681675069308626
0   54   0.06040697638925766
0   55   0.1828007709598109
0   56   -0.0033557516529378775
0   57   0.040211418677319415
0   58   -0.022787956348261373
0   59   0.04222922057499573
0   60   0.03146585687979534
0   61   -0.025309442365591062
0   62   0.05539311267347911
0   63   0.04270340527541628
0   64   0.06294873713983994
0   65   0.05275118917753306
0   66   0.0
0   67   0.044948703066967285
0   68   0.05818789826458226
0   69   0.09005109516909308
0   70   0.13511072953279352
0   71   -0.046464150825062125
0   72   -0.07099488840979709
0   73   -0.09572781863538618
0   74   -0.0412206416308707
0   75   0.12494903588254333
0   76   -0.07310436272772272
0   77   0.018206211718028616
0   78   0.022067266331108795
0   79   0.13234093959839188
0   80   0.0
0   81   0.050582788037178465
0   82   0.06777943136563853
0   83   -0.005256557291234257
1   0   -0.012721488221128249
1   1   0.05355708359901517
1   2   0.005252043266418023
1   3   0.1121338940633299
1   4   -0.06651939399809143
1   5   0.023246176857320874
1   6   -0.12563120222147955
1   7   -0.04520987623191821
1   8   -0.02757568720389043
1   9   0.023215217715921232
1   10   0.016653701614434968
1   11   0.06537435737589839
1   12   -0.02490785341145045
1   13   0.0022664448355929107
1   14   0.04380919048853895
1   15   0.027786453806305882
1   16   -0.019955116207231133
1   17   0.07999706005894971
1   18   0.01889778269812641
1   19   0.06487175052410492
1   20   0.03477684769872037
1   21   -0.0603539798101466
1   22   -0.15429662120277063
1   23   -0.05570781978574201
1   24   0.046060908097839276
1   25   -0.0560502932612551
1   26   0.008632713348587485
1   27   -0.04667019342398313
1   28   -0.03639640088871557
1   29   -0.007118164427993838
1   30   0.12201055811741324
1   31   -0.10684192623154168
1   32   -0.11572760247909925
1   33   -0.06636216958478913
1   34   0.017288044868251303
1   35   0.02333176013209997
1   36   -0.023209923313887392
1   37   -0.06875109707125061
1   38   0.004869451503725974
1   39   -0.07090483547072877
1   40   -0.03692024371125027
1   41   -0.010790498844479001
1   42   -0.09234729526145956
1   43   -0.0010449821298584565
1   44   -0.027625227308903478
1   45   -0.07096110401634012
1   46   -0.008550923252222065
1   47   -0.12337223714669786
1   48   0.011151279215871106
1   49   0.14848455682327905
1   50   -0.05445571652495468
1   51   -0.03553442253901655
1   52   0.05187854517181069
1   53   0.017686116351858863
1   54   0.0905582593247318
1   55   0.023648062193974858
1   56   0.07368307518769748
1   57   -0.06815210770363682
1   58   -0.10625251638176005
1   59   -0.06976470719900323
1   60   -0.06381763199181657
1   61   -0.056764159065041356
1   62   0.046993809310328774
1   63   0.04795064606527785
1   64   -0.1073582110916193
1   65   -0.14190873919770525
1   66   0.07249673385310144
1   67   -0.10314406307550482
1   68   -0.011320308978906478
1   69   0.04096164586874228
1   70   -0.10764761545143685
1   71   -0.013060214581405442
1   72   -0.02347076336965889
1   73   -0.02870471700633663
1   74   -0.042292482484197
1   75   -0.0988098783342104
1   76   0.05056751793044417
1   77   -0.2086254977121387
1   78   -0.06066549145066982
1   79   0.030410864926534
1   80   -0.08263685398885778
1   81   0.05846148058396445
1   82   -0.07455421210828847
1   83   0.09292862941590069
2   0   -0.05810643980628979
2   1   0.005252043266418023
2   2   -0.05316831084279305
2   3   0.041173271434573694
2   4   -0.006048757048200607
2   5   -0.032319806794562055
2   6   -0.04404602433127106
2   7   -0.10353223590962386
2   8   -0.0013099848822178066
2   9   -0.051985728011109476
2   10   -0.15962851487444657
2   11   -0.00021719651591350597
2   12   -0.1583399192959367
2   13   -0.10389778402873971
2   14   0.09919505230904847
2   15   -0.05421738628661792
2   16   -0.05094844316885199
2   17   0.022320576137693345
2   18   -0.10268631967445596
2   19   -0.08311948256542172
2   20   -0.09859315816060349
2   21   -0.23021719205877186
2   22   -0.07001145224796931
2   23   -0.025321314256189848
2   24   0.020063791768761777
2   25   -0.04883424545325558
2   26   -0.1432287081836159
2   27   -0.09859255576131276
2   28   -0.06743178481705042
2   29   -0.08237553347725017
2   30   0.03034171699828174
2   31   0.01741354813308827
2   32   -0.07978453385879197
2   33   -0.14100271113210527
2   34   -0.1884203732900197
2   35   -0.048064406338594205
2   36   -0.0916098617213629
2   37   -0.12010338550580948
2   38   -0.10876645019293385
2   39   -0.0845153395524855
2   40   -0.014078373067900994
2   41   -0.1687856368389595
2   42   -0.057275914041420684
2   43   -0.022316439195946024
2   44   -0.06375467255988874
2   45   0.003098412444837825
2   46   -0.05585979183893873
2   47   -0.10120825552150726
2   48   -0.083372573991632
2   49   0.013933492035159131
2   50   -0.05009124198780471
2   51   -0.04017441148781933
2   52   -0.1581968730980401
2   53   -0.019769977270613297
2   54   -0.09646992667914625
2   55   0.06885706251844761
2   56   -0.09545750819774289
2   57   0.005674419821116643
2   58   -0.04703709087163469
2   59   0.16356039088565347
2   60   0.05627454517849343
2   61   -0.08078915820902391
2   62   -0.09803182538268888
2   63   -0.030454847829390844
2   64   -0.04367256115556278
2   65   -0.03859526319138564
2   66   0.042713465176919006
2   67   -0.100902814882963
2   68   0.0279620828735096
2   69   -0.10530545477451438
2   70   -0.10785323820122782
2   71   -0.07232451151303768
2   72   -0.025800091360110456
2   73   -0.11965045354791151
2   74   -0.025991082593375642
2   75   -0.06236356665169717
2   76   -0.010300260638670134
2   77   -0.10584275790844239
2   78   -0.010292130472476603
2   79   -0.09258023957422631
2   80   0.0
2   81   -0.07301107784709392
2   82   0.0009435203344686137
2   83   0.015339279979966931
3   0   0.03852912482892341
3   1   0.1121338940633299
3   2   0.041173271434573694
3   3   0.04064676444182334
3   4   0.046834777898494356
3   5   0.1415202168384168
3   6   0.09994890386992236
3   7   0.026526114597711054
3   8   0.004074020004852349
3   9   0.09552922074247241
3   10   -0.03266094839292524
3   11   0.07905335271099076
3   12   0.08015068451416382
3   13   0.033197248174834555
3   14   0.04005162171360903
3   15   -0.16542331303744656
3   16   0.11091386856318906
3   17   -0.03530073389392582
3   18   -0.09434677472147467
3   19   0.1122790423653754
3   20   0.08395541837476825
3   21   0.017993217253079202
3   22   0.014189406951237549
3   23   0.00598189214434479
3   24   -0.06932139319767971
3   25   0.15287238343053494
3   26   0.0728455119238515
3   27   0.050130786439670214
3   28   0.02223313585789133
3   29   0.04481072992720617
3   30   -0.03816396788794627
3   31   -0.03912471878527138
3   32   0.07857241543795279
3   33   0.003595620227982253
3   34   -0.036105505331588655
3   35   0.09796206043177656
3   36   0.11517508391127541
3   37   0.04252066308395523
3   38   0.017977836593017174
3   39   0.05318504435819428
3   40   -0.0010297775027245124
3   41   0.015493966303176315
3   42   0.0186735543514504
3   43   0.12052574512244683
3   44   -0.08846389144196506
3   45   -0.01269953099870757
3   46   -0.004089042201906965
3   47   0.006173455841622711
3   48   -0.06219141018226444
3   49   -0.050216220533526076
3   50   -0.10538332683681051
3   51   -0.10780279161635334
3   52   0.03019192296887981
3   53   0.19810750817064512
3   54   -0.06206738200851755
3   55   0.04773222153321225
3   56   -0.09650209923045662
3   57   -0.03869542221006591
3   58   -0.04467654839137906
3   59   0.003976354719158618
3   60   -0.030847839547519375
3   61   -0.16455611433131967
3   62   -0.11351758484218558
3   63   -0.0505911114328044
3   64   -0.008531340291526836
3   65   0.059873447095606526
3   66   -0.0396412952714078
3   67   0.030090326283830855
3   68   -0.022342472448308476
3   69   0.10749797245213824
3   70   -0.021147735332779312
3   71   0.04391938789764158
3   72   -0.00179437489332288
3   73   0.1323409395983916
3   74   0.03341900002316829
3   75   0.04354826978262527
3   76   0.0024683094276500487
3   77   0.08114660680755904
3   78   0.06693069184970714
3   79   0.0
3   80   0.0679220931880253
3   81   0.06221211188816536
3   82   0.01811349544833607
3   83   0.00715795796368968
4   0   0.10256065618645126
4   1   -0.06651939399809143
4   2   -0.006048757048200607
4   3   0.046834777898494356
4   4   0.08673006301088147
4   5   -0.09170833125960465
4   6   -0.005820303563144966
4   7   -0.053547175281149245
4   8   0.019409398736204564
4   9   0.0140556223405277
4   10   -0.017535586091016728
4   11   -0.08896948316994328
4   12   -0.1102675651719801
4   13   -0.008790799766358109
4   14   -0.11265661377798929
4   15   -0.056313115085502574
4   16   -0.2200806516394419
4   17   -0.10846078818725714
4   18   -0.16589142537620824
4   19   -0.03980550939315845
4   20   -0.051790197144971566
4   21   -0.04129602897637256
4   22   -0.05545397285963337
4   23   0.010923707216583
4   24   -0.11886295303627503
4   25   -0.07489615728615022
4   26   0.012012955387126094
4   27   0.021227105500160104
4   28   0.05874795000376075
4   29   0.03308262515094855
4   30   -0.024808321234934646
4   31   0.12186785311087739
4   32   0.043888451632115216
4   33   0.11171353432485498
4   34   -0.11326836242570444
4   35   -0.050482825573150335
4   36   -0.12142961255705549
4   37   -0.04306235032191006
4   38   0.008813315310103395
4   39   -0.10619053137408359
4   40   0.10824518958046105
4   41   0.08405967587325945
4   42   -0.07014939662478353
4   43   -0.04904915244762094
4   44   -0.08542749550184246
4   45   -0.1492461317541979
4   46   -0.05471269214785437
4   47   0.09454025599193856
4   48   0.15206446642618898
4   49   -0.16862797142375743
4   50   -0.06955607522774399
4   51   0.056515352109761885
4   52   -0.20265771769470325
4   53   -0.017491746082879605
4   54   0.0609332810137238
4   55   -0.07713494132354407
4   56   -0.1063451144760146
4   57   -0.021504322759879933
4   58   -0.09852705866844749
4   59   0.13234093959839224
4   60   -0.13346696046765244
4   61   -0.04125226833313189
4   62   0.043928616458023956
4   63   -0.09639904229259463
4   64   0.12312459483503778
4   65   -0.016266923199833676
4   66   0.0
4   67   0.046349822163492094
4   68   -0.06483842753617476
4   69   0.06061898865543846
4   70   -0.04002519588061942
4   71   -0.004829237626027277
4   72   -0.004600082384182242
4   73   0.046349822163492156
4   74   -0.10064920406782366
4   75   0.004032741263788409
4   76   -0.12199430216730195
4   77   0.07460226887925132
4   78   -0.0585366524544828
4   79   0.0
4   80   0.02065252868383176
4   81   -0.0539731481772245
4   82   -0.055648412982615976
4   83   -0.06454327408748287
5   0   -0.04298811408270444
5   1   0.023246176857320874
5   2   -0.032319806794562055
5   3   0.1415202168384168
5   4   -0.09170833125960465
5   5   0.08129658612847437
5   6   0.025309774576993797
5   7   0.008503972973527642
5   8   0.10598934125159855
5   9   -0.062108602925876284
5   10   0.020316544489599467
5   11   0.13457190207411268
5   12   0.0856873238593078
5   13   0.11387411964827393
5   14   -0.02226511199057539
5   15   -0.0419613233737047
5   16   -0.07755397639557661
5   17   0.030077058082710044
5   18   -0.0006149221517676507
5   19   0.10625784428207667
5   20   -0.05428696645600083
5   21   0.07566656367995207
5   22   -0.0037843896858528814
5   23   0.09727042346357152
5   24   -0.034887557915704664
5   25   0.03286799424657398
5   26   0.06030622403892092
5   27   0.06590108065443377
5   28   0.1094236297399903
5   29   -0.05198685304341497
5   30   0.13046594959817331
5   31   -0.08181025229433084
5   32   -0.07784012303314773
5   33   0.023988164486765228
5   34   -0.004380161745346104
5   35   0.0108069858525485
5   36   -0.08870430741260397
5   37   0.023121235860254354
5   38   -0.048782710589444
5   39   -0.07248075140812028
5   40   0.042779513635161116
5   41   0.07975406000115333
5   42   0.0094369150898014
5   43   0.018460728818253336
5   44   0.09880517619429768
5   45   0.09767598977719469
5   46   0.0431407567093
5   47   -0.022667632125360368
5   48   -0.026369392338473935
5   49   -0.05469061178714845
5   50   0.11555551673075119
5   51   0.021000272239652236
5   52   0.04909050246062143
5   53   0.02162544914624483
5   54   0.013018177985153768
5   55   0.16304792077446947
5   56   0.024080159657488054
5   57   0.039713069726553106
5   58   0.1259188089265169
5   59   -0.021213850079823116
5   60   -0.03125936902462371
5   61   -0.049839611158751795
5   62   -0.013360848992696187
5   63   -0.14034349019118558
5   64   -0.042524401082313555
5   65   -0.04375615942166094
5   66   -0.024050371259482853
5   67   -0.03180959373313217
5   68   0.09026205172775785
5   69   -0.017305331105697316
5   70   0.10646894927694098
5   71   0.08205400525754301
5   72   0.02622778666203874
5   73   0.04723785188222275
5   74   0.08922184584085019
5   75   -0.031715340128186935
5   76   -0.04547161162932643
5   77   -0.1362356453054768
5   78   0.13786490495982195
5   79   0.026926476908542277
5   80   0.09986599603387028
5   81   0.0485963489774993
5   82   0.06497320130193748
5   83   -0.021164396299692943
6   0   -0.05971290231931188
6   1   -0.12563120222147955
6   2   -0.04404602433127106
6   3   0.09994890386992236
6   4   -0.005820303563144966
6   5   0.025309774576993797
6   6   -0.01794070757296948
6   7   -0.013447998093515828
6   8   -0.029701596150217325
6   9   0.007674878009369705
6   10   -0.02637025113431049
6   11   0.1189984255400572
6   12   -0.05955501526874231
6   13   -0.09155135658419646
6   14   0.12834460914894266
6   15   0.12452636558587533
6   16   -0.03716684892800764
6   17   0.12437207102190413
6   18   -0.13876197438228044
6   19   0.1514754265783063
6   20   -0.053762040065141604
6   21   -0.14227329461160015
6   22   -0.04893758917269159
6   23   0.03118017072881669
6   24   0.1384635349719735
6   25   -0.06200739416042406
6   26   0.0075222978632956804
6   27   -0.007482076481263421
6   28   -0.026327827228806965
6   29   -0.10188648537521822
6   30   0.14624505021150283
6   31   -0.0648435486519957
6   32   0.0063936145870045445
6   33   -0.05117242328851328
6   34   -0.10197256360153535
6   35   -0.01717104202583434
6   36   0.03483353795149466
6   37   -0.06689233197877861
6   38   0.0229748182066537
6   39   -0.0279970790224524
6   40   0.006480612300227844
6   41   0.0891475320366713
6   42   0.02063520398179825
6   43   0.021646644474994085
6   44   -0.06764745314859992
6   45   -0.055745877753871964
6   46   0.025044936373769998
6   47   0.023062801339469426
6   48   0.06819510658715351
6   49   -0.130576958258539
6   50   -0.14108979334150498
6   51   -0.1160260504891305
6   52   -0.033094142576841026
6   53   0.04113621381637081
6   54   -0.0065107794889401206
6   55   -0.017771715676670827
6   56   -0.2287940400905829
6   57   0.07764110480705048
6   58   0.01576267432421359
6   59   -0.07035109488708645
6   60   0.1059448125045479
6   61   -0.08191789822086844
6   62   -0.1203589285158047
6   63   -0.009726381953377567
6   64   0.12573876780233742
6   65   -0.16646275122554355
6   66   -0.07737177554132843
6   67   -0.04472612879491282
6   68   -0.06590104805671383
6   69   -0.09931145451820904
6   70   0.06665741892403639
6   71   0.048797613882201066
6   72   -0.07321254462154383
6   73   0.05168053402646047
6   74   0.050450019896890734
6   75   0.01864202584199823
6   76   -0.03249339888866361
6   77   -0.03870237566183505
6   78   -0.004649029892193842
6   79   0.04634982216349222
6   80   0.016791065425011614
6   81   0.031820810493326517
6   82   -0.12157233198942477
6   83   0.008326529254192952
7   0   -0.10767817376315714
7   1   -0.04520987623191821
7   2   -0.10353223590962386
7   3   0.026526114597711054
7   4   -0.053547175281149245
7   5   0.008503972973527642
7   6   -0.013447998093515828
7   7   0.01589710880590363
7   8   0.12060024208698562
7   9   -0.014104296865916181
7   10   0.020480770854241968
7   11   -0.017680938125171176
7   12   -0.031727863774821514
7   13   0.02427088722979027
7   14   0.03146747888867409
7   15   -0.01668734970511117
7   16   -0.01957821623066352
7   17   0.02719677079516451
7   18   -0.04703975767138411
7   19   0.006375962566356434
7   20   -0.050837706932996156
7   21   -0.1299175378491073
7   22   -0.06254359778081052
7   23   0.023826255996195648
7   24   -0.0021663714553860625
7   25   -0.1494976727687624
7   26   -0.07476391217958833
7   27   -0.013174326331794921
7   28   0.07915792097619172
7   29   -0.033143386173210755
7   30   0.14031123119534866
7   31   -0.029856456268273993
7   32   0.016428869460125534
7   33   -0.05531446850974334
7   34   -0.14278071668216297
7   35   0.013837171491184408
7   36   0.034592225909367835
7   37   -0.03212387229765512
7   38   0.018302687934030698
7   39   -0.010047377064635798
7   40   0.06680613521009106
7   41   0.1433966527809185
7   42   -0.05971161210241756
7   43   -0.058701650507052935
7   44   0.048171673123057195
7   45   0.07066841989347403
7   46   -0.10351084874000777
7   47   -0.05417194001666064
7   48   0.12309546442899096
7   49   -0.014551436836895852
7   50   -0.14762204797380635
7   51   0.09287544760498699
7   52   -0.07549890468320393
7   53   0.10460196175441644
7   54   0.05910712629706857
7   55   0.019258040970831208
7   56   0.07843870307635217
7   57   0.07428156575983427
7   58   0.1342286635886052
7   59   0.0527843259736934
7   60   0.0496556646981607
7   61   -0.026324686532288748
7   62   0.044576629360426084
7   63   -0.04719913030725944
7   64   0.015782934055072563
7   65   -0.08952616424743469
7   66   -0.0008421913812181027
7   67   0.046105198733627124
7   68   0.003941148857573783
7   69   0.06033796737018341
7   70   0.08428024127158508
7   71   0.2353604618252058
7   72   -0.03415701591080043
7   73   -0.020580673161342
7   74   -0.04496564981190115
7   75   -0.0689298470904207
7   76   -0.04670434400577152
7   77   -0.009445054252365281
7   78   0.035620311569494474
7   79   0.11483572791167104
7   80   0.04176294248074198
7   81   0.019614081653772382
7   82   0.10237730347428967
7   83   -0.12532561463612582
8   0   0.036709197008076795
8   1   -0.02757568720389043
8   2   -0.0013099848822178066
8   3   0.004074020004852349
8   4   0.019409398736204564
8   5   0.10598934125159855
8   6   -0.029701596150217325
8   7   0.12060024208698562
8   8   0.07174871539497289
8   9   -0.01761600338145281
8   10   -0.09752796632108769
8   11   0.028441132748789164
8   12   -0.07195576665374954
8   13   -0.02467642751106421
8   14   0.09855526738176289
8   15   0.014111462293563906
8   16   -0.03174583923484314
8   17   -0.11896389076455657
8   18   0.003703648856754838
8   19   0.0022340463795202698
8   20   -0.0037448280889826177
8   21   0.11362510091692757
8   22   0.004943932392253754
8   23   0.04901697850404241
8   24   -0.00372844942533285
8   25   -0.14209010849592824
8   26   -0.021390813347189876
8   27   -0.04013090578506463
8   28   -0.0721408857603048
8   29   0.041492991764442794
8   30   -0.09080875360949754
8   31   -0.062272665509428615
8   32   -0.04099350491391018
8   33   -0.15690275716023008
8   34   -0.029705979327373802
8   35   -0.0571018647506043
8   36   -0.12746174262149934
8   37   -0.045795277813462154
8   38   -0.10612498658640994
8   39   0.1058860557735817
8   40   -0.0006856889037034691
8   41   0.010527627195222796
8   42   -0.0701906570127504
8   43   -0.017172281716985507
8   44   -0.03432647068670455
8   45   0.2026938488016222
8   46   0.05063104162765351
8   47   -0.030676549061276794
8   48   -0.0662955626017924
8   49   -0.009132818036959032
8   50   -0.05542720559465045
8   51   -0.10837453401507029
8   52   -0.02332423135018119
8   53   0.0628764717057353
8   54   -0.06603341496908202
8   55   -0.056856452153385
8   56   0.12533758023839037
8   57   0.04612628039846927
8   58   0.06403685085014847
8   59   -0.023148339873826803
8   60   0.08265212562260785
8   61   -0.05656866043192872
8   62   0.14566460090870922
8   63   0.0300181389095149
8   64   0.009987130262809236
8   65   0.02704939740512459
8   66   -0.0007406243067784775
8   67   -0.003938068874407615
8   68   -0.07880178002620031
8   69   0.08044527494313511
8   70   0.002670045574770893
8   71   0.014251572420623904
8   72   -0.007172753152093914
8   73   -0.17973081928134305
8   74   0.18303933008804446
8   75   -0.07944528083752524
8   76   -0.014508985607523799
8   77   -0.12958017449708722
8   78   -0.05850704057712201
8   79   0.0438005959681279
8   80   0.005012737592801482
8   81   0.0888384648405765
8   82   -0.004288644987895464
8   83   0.0016228484152360906
9   0   0.035658994128749656
9   1   0.023215217715921232
9   2   -0.051985728011109476
9   3   0.09552922074247241
9   4   0.0140556223405277
9   5   -0.062108602925876284
9   6   0.007674878009369705
9   7   -0.014104296865916181
9   8   -0.01761600338145281
9   9   0.0296064363001279
9   10   0.12308958201326324
9   11   -0.06434075500750656
9   12   -0.15199443842109656
9   13   -0.0773283289305147
9   14   0.19824854883358356
9   15   0.02239455488614101
9   16   -0.022222904362050138
9   17   0.05089623969153016
9   18   -0.10956232589165953
9   19   0.03845345353610725
9   20   -0.1550113465461301
9   21   -0.02526530720122325
9   22   0.020121497122687806
9   23   0.014379900707595551
9   24   -0.0397238752623633
9   25   0.030176842229442315
9   26   -0.11002352382093979
9   27   0.06843154844884942
9   28   0.046176595519274714
9   29   -0.07229568846419869
9   30   0.13524665457311713
9   31   0.03690092897723713
9   32   0.05984598173531089
9   33   0.0012380881415330676
9   34   0.06930332679528493
9   35   0.06995332856750858
9   36   -0.11724013420037309
9   37   0.019309279479747
9   38   -0.01193397132713798
9   39   0.00547691928300701
9   40   -0.008955221714832413
9   41   0.10907791218323654
9   42   0.03731795990229206
9   43   0.10272501053968593
9   44   -0.1095795135116206
9   45   0.10222883306526298
9   46   0.10158041189790505
9   47   0.0019230790473244272
9   48   0.06427391764931417
9   49   -0.05398900127749844
9   50   0.020046698272125324
9   51   -0.06207204496747554
9   52   0.01393705098218471
9   53   0.05569227497463299
9   54   0.05575274946990425
9   55   0.032024552503657
9   56   -0.0764409510738062
9   57   0.014720240263017777
9   58   -0.05100168792406302
9   59   0.08615951009616518
9   60   -0.06169380042792564
9   61   -0.16384966832307707
9   62   -0.18239749156434196
9   63   0.16514598907872705
9   64   0.08363589574039565
9   65   -0.23666518965012764
9   66   -0.040745518052065846
9   67   -0.0939332374783012
9   68   -0.06042301120560639
9   69   0.022844853940946944
9   70   -0.028243415244387605
9   71   0.06176825031486165
9   72   -0.04027394131304818
9   73   0.00706980629312503
9   74   0.08438643649345418
9   75   0.18174199596833118
9   76   -0.031350185433033514
9   77   -0.14149802024888647
9   78   0.04827605286329071
9   79   0.0
9   80   -0.03320935256216432
9   81   0.020297649931503223
9   82   0.03433366770160265
9   83   0.02151206789505972
10   0   -0.07185818603365952
10   1   0.016653701614434968
10   2   -0.15962851487444657
10   3   -0.03266094839292524
10   4   -0.017535586091016728
10   5   0.020316544489599467
10   6   -0.02637025113431049
10   7   0.020480770854241968
10   8   -0.09752796632108769
10   9   0.12308958201326324
10   10   0.0043390846210221694
10   11   0.02394863662850965
10   12   0.03808041888163029
10   13   -0.07205015329842714
10   14   0.03496793677283146
10   15   -0.12056491223611515
10   16   -0.06841764717047671
10   17   -0.07755404064947244
10   18   -0.10138414699556446
10   19   -0.08904217546911439
10   20   0.07189893339800037
10   21   0.07823678028736666
10   22   -0.02449108527496412
10   23   0.05808601979085877
10   24   -0.14008698107110987
10   25   -0.15572748365227815
10   26   -0.17427756137718525
10   27   -0.06160981611758931
10   28   -0.008501097053001845
10   29   -0.023932468140290916
10   30   0.12399349714481246
10   31   -0.08306021106732289
10   32   0.08942770017041811
10   33   -0.06542191114234143
10   34   -0.0005951328562311828
10   35   0.15808110256859426
10   36   0.038495680806134344
10   37   0.00014892506348263408
10   38   0.0025684177461399267
10   39   -0.054242549929287516
10   40   0.024895057664002074
10   41   0.03404930503787578
10   42   -0.06688862789002187
10   43   -0.08127367143178318
10   44   -0.039341488662465424
10   45   -0.2230341209123867
10   46   -0.09846322715178754
10   47   0.008067333654317308
10   48   -0.08840532225286223
10   49   0.034928268506222514
10   50   -0.05723196329891824
10   51   0.038199467123553404
10   52   -0.09215257029717817
10   53   0.030651021166186405
10   54   -0.0022644073598632425
10   55   -0.08699268552151619
10   56   0.046804157237534255
10   57   -0.038673744158597485
10   58   -0.042563348511665496
10   59   -0.1551936016455069
10   60   0.04112076644099146
10   61   -0.15995398439065694
10   62   -0.029216759987309448
10   63   0.03168431211378139
10   64   0.0025502146111480075
10   65   -0.1611021841346927
10   66   -0.02901548419293459
10   67   0.005394506638951008
10   68   -0.005400433627781132
10   69   0.000999229524791656
10   70   -0.1517177062549418
10   71   0.026631738120765722
10   72   -0.06393364589860365
10   73   0.010841810700425331
10   74   -0.025865801408408783
10   75   -0.07756587729544641
10   76   0.07827030048415938
10   77   0.021800930051252124
10   78   -0.02216357176476902
10   79   0.015143511783659393
10   80   -0.10264952677093873
10   81   0.026718918906028996
10   82   0.06840757948005687
10   83   -0.00883904615448904
11   0   0.09770208166915116
11   1   0.06537435737589839
11   2   -0.00021719651591350597
11   3   0.07905335271099076
11   4   -0.08896948316994328
11   5   0.13457190207411268
11   6   0.1189984255400572
11   7   -0.017680938125171176
11   8   0.028441132748789164
11   9   -0.06434075500750656
11   10   0.02394863662850965
11   11   0.08894096182414965
11   12   -0.13043837969828637
11   13   -0.015595904462441119
11   14   0.07217540576097996
11   15   -0.1268779507630277
11   16   -0.04168885907542707
11   17   0.009674249228891069
11   18   -0.05105798079681737
11   19   -0.03185150919126257
11   20   0.049417340412858744
11   21   0.15415413680231851
11   22   0.05640336910015673
11   23   0.07828032380442261
11   24   0.09187377745403863
11   25   -0.020172487607814763
11   26   0.1428219007974216
11   27   0.05459007965778679
11   28   -0.010928691975434187
11   29   -0.04280808005956778
11   30   0.09763888600310697
11   31   0.021347687883825708
11   32   -0.11065439687216408
11   33   -0.08015051806172406
11   34   0.04446724377464769
11   35   0.013086067209683151
11   36   0.10851318866078795
11   37   -0.0018981561836452275
11   38   0.058381621669824454
11   39   0.017553375493220835
11   40   -0.027102163805457803
11   41   0.07407025609451973
11   42   -0.06143033529642287
11   43   0.072377238390529
11   44   0.13459381925182598
11   45   0.0708811587706985
11   46   -0.1068123786295511
11   47   0.11008345644802033
11   48   0.10491549069428376
11   49   -0.08461292946505376
11   50   0.02229022173443105
11   51   -0.050534009002125145
11   52   -0.0074033367985379805
11   53   0.0013494841431375454
11   54   0.015215182360999955
11   55   -0.08272788404371528
11   56   0.005315679988207518
11   57   -0.016781673247251223
11   58   0.004110000911387489
11   59   0.007939328551253427
11   60   -0.04957397216949455
11   61   0.07574398398776608
11   62   -0.06940057523246895
11   63   -0.04063208030763021
11   64   -0.0021642127696494613
11   65   0.0017075328916347579
11   66   0.0
11   67   0.060021082532797226
11   68   0.03545089052302575
11   69   0.05606020598574362
11   70   0.08425609779037653
11   71   0.05789127689431682
11   72   -0.0487899364799563
11   73   0.06426750546864755
11   74   0.07658883131496945
11   75   -0.0008943455282087026
11   76   -0.05408798834359933
11   77   -0.13538415365196815
11   78   0.11482566330758727
11   79   0.07567076710076766
11   80   0.020233288746320674
11   81   -0.1574992164877188
11   82   -0.12913483959122649
11   83   -0.11061223656592395
12   0   -0.03829272661846224
12   1   -0.02490785341145045
12   2   -0.1583399192959367
12   3   0.08015068451416382
12   4   -0.1102675651719801
12   5   0.0856873238593078
12   6   -0.05955501526874231
12   7   -0.031727863774821514
12   8   -0.07195576665374954
12   9   -0.15199443842109656
12   10   0.03808041888163029
12   11   -0.13043837969828637
12   12   0.09306594636810023
12   13   0.05226783049686628
12   14   -0.03413277284020065
12   15   0.04354744801023867
12   16   -0.0013342295370764958
12   17   -0.08800163657999946
12   18   -0.01062882797955988
12   19   0.03144450101972988
12   20   -0.045057711990564644
12   21   -0.04585026819232318
12   22   -0.22827384788288496
12   23   -0.10964589843154998
12   24   0.1177785050250688
12   25   0.05156045468671558
12   26   0.09081964188385404
12   27   -0.0009680210955431316
12   28   0.05345066547927093
12   29   0.08365859909045428
12   30   -0.05041672656136289
12   31   0.1208480775947615
12   32   -0.10044628624537258
12   33   -0.024563369898919503
12   34   -0.002763719919062549
12   35   -0.0778273536601793
12   36   0.02548089837110883
12   37   0.09928904754548618
12   38   -0.13297247513889657
12   39   -0.04004803719068026
12   40   -0.10925217823646761
12   41   0.1561266282472206
12   42   -0.02970160646532679
12   43   0.08055979847684584
12   44   0.06036814159068291
12   45   -0.05813428949543049
12   46   -0.02321541245075214
12   47   -0.024218725176537333
12   48   0.09252244459134894
12   49   0.053617565990741606
12   50   0.09597681921090614
12   51   -0.0136755926890548
12   52   -0.006718725915563141
12   53   -0.0024987807668737645
12   54   0.07408192703301454
12   55   0.022081516848008034
12   56   0.09589071929946483
12   57   0.02637656995565926
12   58   -0.023359873907821814
12   59   -0.02466320010833772
12   60   0.0699874591452254
12   61   -0.06481553841477344
12   62   -0.030809185834608233
12   63   0.07924173931621689
12   64   0.07774394701306706
12   65   0.027853322308747267
12   66   -0.09718526730443804
12   67   0.031204219009032787
12   68   -0.019012756655813
12   69   -0.07689696674532184
12   70   0.0023617429270534405
12   71   -0.15494579715403828
12   72   -0.08569907947420535
12   73   -0.06452812939902612
12   74   0.015946365696686015
12   75   -0.05621870190478908
12   76   -0.006287308573550141
12   77   -0.06629076318596372
12   78   0.21679456902253333
12   79   0.059307439814379345
12   80   0.06854258079579487
12   81   -0.0794897481636462
12   82   0.05090852199160325
12   83   -0.006752623310447843
13   0   -0.05205337076482819
13   1   0.0022664448355929107
13   2   -0.10389778402873971
13   3   0.033197248174834555
13   4   -0.008790799766358109
13   5   0.11387411964827393
13   6   -0.09155135658419646
13   7   0.02427088722979027
13   8   -0.02467642751106421
13   9   -0.0773283289305147
13   10   -0.07205015329842714
13   11   -0.015595904462441119
13   12   0.05226783049686628
13   13   -0.03801793057437971
13   14   0.10027778366276505
13   15   0.025603206456574133
13   16   -0.040803247796067324
13   17   -0.08664800437028508
13   18   -0.06208645116407472
13   19   0.006178007481571664
13   20   -0.05685697594715746
13   21   0.1455025598957121
13   22   -0.0697427850024831
13   23   0.020159119540060357
13   24   0.218201766740842
13   25   -0.15275912972855207
13   26   -0.07692623807886122
13   27   0.0036038105028067383
13   28   0.022937256986547278
13   29   -0.061207730324556876
13   30   0.07143608903552645
13   31   -0.02519621094157343
13   32   -0.09935790760558524
13   33   -0.03258934375096933
13   34   0.09439614965279214
13   35   -0.007958892837057644
13   36   0.12211178996618748
13   37   -0.013915690547571932
13   38   0.038690917982882454
13   39   -0.0075176445451818905
13   40   0.018607718821318855
13   41   0.15531133226692662
13   42   -0.07456540538169833
13   43   0.02618861484931104
13   44   -0.10177787548305095
13   45   0.010730537072384751
13   46   -0.02469404916169479
13   47   0.21044232904342614
13   48   0.11585861163510919
13   49   0.03983364779085309
13   50   -0.08420684549054844
13   51   -0.10875482400323595
13   52   0.09138517366856591
13   53   0.06817530930883625
13   54   0.007174868314608182
13   55   0.03285265032917545
13   56   0.14885462847813014
13   57   0.03596381855677621
13   58   0.0351191426325835
13   59   0.006104974284014079
13   60   0.07829685363717674
13   61   -0.018398701306624334
13   62   -0.09000946163283016
13   63   0.050010748786293344
13   64   -0.03098007404610615
13   65   0.013420432017137541
13   66   0.0639061584799299
13   67   -0.018884507237827582
13   68   -0.01562744751946646
13   69   0.15682112741396448
13   70   0.10910680991214083
13   71   0.07787873965262126
13   72   -0.06659141489938566
13   73   -0.005576965325618714
13   74   -0.04443177870536278
13   75   0.01943501062317346
13   76   -0.05564583665767049
13   77   0.07369824571272135
13   78   0.13162769641019237
13   79   0.05603725126469014
13   80   0.0408965337610853
13   81   0.04778782585822767
13   82   -0.016240644515283943
13   83   -0.024727845630339595
14   0   -0.07980749419205997
14   1   0.04380919048853895
14   2   0.09919505230904847
14   3   0.04005162171360903
14   4   -0.11265661377798929
14   5   -0.02226511199057539
14   6   0.12834460914894266
14   7   0.03146747888867409
14   8   0.09855526738176289
14   9   0.19824854883358356
14   10   0.03496793677283146
14   11   0.07217540576097996
14   12   -0.03413277284020065
14   13   0.10027778366276505
14   14   0.0058450584735887144
14   15   -0.027051911028915264
14   16   -0.057649307187202
14   17   -0.017272074517675488
14   18   -0.10120002867119937
14   19   0.06810310470037363
14   20   0.025837869317116215
14   21   0.022915781701341127
14   22   -0.0855530361765856
14   23   0.09007597229301793
14   24   -0.10874287864887057
14   25   -0.06308004768559512
14   26   -0.05523876085141722
14   27   0.05217065558752963
14   28   0.02224471891560153
14   29   0.06538627234533194
14   30   -0.02701884414149841
14   31   -0.1540534144791328
14   32   0.03777031602759647
14   33   0.022746152076479734
14   34   -0.010167336117971378
14   35   0.0468916623975512
14   36   -0.040858972737101464
14   37   -0.0016916498081630043
14   38   0.11829945946895422
14   39   -0.044981561554214275
14   40   -0.0490382656891034
14   41   -0.10645944836949799
14   42   -0.06094035036733361
14   43   -0.11410366847210922
14   44   -0.019906426791740085
14   45   0.05692910581043366
14   46   0.11075420729542071
14   47   -0.03522736397808918
14   48   0.01913988517351453
14   49   -0.00633357191834327
14   50   -0.051581895623224266
14   51   0.11414710840956059
14   52   -0.07856002098050786
14   53   0.011897582315525554
14   54   -0.016519911741673814
14   55   -0.06837348950028234
14   56   -0.11484986240732382
14   57   -0.08289833593478302
14   58   -0.09951250764469145
14   59   0.03332786137047662
14   60   0.02824186972023184
14   61   0.016783580714473306
14   62   0.05596585337396056
14   63   -0.0014316790561548017
14   64   0.019843216922516792
14   65   -0.114448363387347
14   66   0.021004479573453375
14   67   -0.014000137890984607
14   68   -0.05153364219681528
14   69   0.1289834136727272
14   70   0.015402625166674384
14   71   0.015389389708418995
14   72   -0.05606752274479654
14   73   -0.12207966873549037
14   74   0.09588319955344529
14   75   0.07505560205453485
14   76   -0.0009675745868300191
14   77   -0.004428088684415169
14   78   0.07661233507621897
14   79   0.17227596883392152
14   80   0.0907825649825832
14   81   -0.01074317607601835
14   82   -0.10513158257747905
14   83   -0.144980246043986
15   0   -0.08583793715529843
15   1   0.027786453806305882
15   2   -0.05421738628661792
15   3   -0.16542331303744656
15   4   -0.056313115085502574
15   5   -0.0419613233737047
15   6   0.12452636558587533
15   7   -0.01668734970511117
15   8   0.014111462293563906
15   9   0.02239455488614101
15   10   -0.12056491223611515
15   11   -0.1268779507630277
15   12   0.04354744801023867
15   13   0.025603206456574133
15   14   -0.027051911028915264
15   15   0.04770015122243414
15   16   0.03201232117983913
15   17   -0.030650915078185542
15   18   0.2184450408978051
15   19   -0.16922412920017527
15   20   -0.052961142287825703
15   21   -0.011139247103291873
15   22   0.024153569160072223
15   23   0.10111661281462864
15   24   -0.04946729661877295
15   25   -0.07885668261867873
15   26   -0.02573324366277369
15   27   0.009644238216350904
15   28   -0.03220560267941695
15   29   -0.08421159217001933
15   30   0.07965565063884324
15   31   0.011744023472283328
15   32   0.052701646253120835
15   33   -0.09644371946763242
15   34   -0.0975194436606514
15   35   0.04496286344933981
15   36   0.07974871742268974
15   37   0.01483923056202275
15   38   0.1643225637442705
15   39   0.016192975510711426
15   40   -0.09298042374971857
15   41   -0.056300813760186454
15   42   -0.0034311762098085553
15   43   0.020515565751483708
15   44   0.08243510914361685
15   45   0.027880489946874663
15   46   -0.1050435783039976
15   47   -0.0028895718124935165
15   48   0.0033542634460421886
15   49   -0.04119749027289745
15   50   -0.1894654392482064
15   51   -0.04889448448941431
15   52   -0.03269932493146527
15   53   0.017886181493994933
15   54   0.11825524213811152
15   55   -0.027689642411905007
15   56   0.004833719359248049
15   57   -0.032997872404825296
15   58   -0.01644257653901561
15   59   -0.1761885125197628
15   60   0.1478578616982494
15   61   -0.07122311773042599
15   62   0.04822325019094788
15   63   0.09336165358139997
15   64   -0.03590310934606789
15   65   -0.08629385312350597
15   66   -0.06851138199739873
15   67   0.03177752144572639
15   68   0.13843170812696456
15   69   -0.02583407897794961
15   70   -0.05646357813363177
15   71   -0.005039678612743335
15   72   -0.045280275703330035
15   73   -0.06652953962426778
15   74   -0.019249332051234625
15   75   -0.05001882201478408
15   76   0.00903076814699913
