0	0	0.08504791171693883
0	1	n/a
0	2	n/a
0	3	n/a
0	4	n/a
0	5	0.04184728117206428
0	6	0.03179471178329788
0	7	0.1540303031568976
0	8	n/a
0	9	0.07813243585797679
0	10	n/a
0	11	n/a
0	12	n/a
0	13	0.0767620917196433
0	14	n/a
0	15	0.17239594879503636
0	16	0.09489273215454472
0	17	n/a
0	18	n/a
0	19	n/a
0	20	0.1164506720501794
0	21	0.06872937592990279
0	22	n/a
0	23	0.05463591946948791
0	24	0.07556198060226049
0	25	n/a
0	26	0.09061473385620418
0	27	0.15799722374852643
0	28	n/a
0	29	0.05249623582550145
0	30	n/a
0	31	n/a
0	32	n/a
0	33	n/a
0	34	n/a
0	35	n/a
0	36	n/a
0	37	n/a
0	38	0.04912846260388564
0	39	n/a
0	40	n/a
0	41	n/a
0	42	n/a
0	43	0.09897269274663244
0	44	0.11268938841322561
0	45	n/a
0	46	n/a
0	47	n/a
0	48	n/a
0	49	0.06191598465297656
0	50	n/a
0	51	n/a
0	52	0.023171980234528572
0	53	0.010915598170028743
0	54	n/a
0	55	n/a
0	56	n/a
0	57	n/a
0	58	0.025777171694236642
0	59	n/a
0	60	n/a
0	61	n/a
0	62	n/a
0	63	n/a
0	64	n/a
0	65	n/a
0	66	n/a
0	67	n/a
0	68	n/a
0	69	0.02348479886480204
0	70	n/a
0	71	n/a
0	72	n/a
0	73	n/a
0	74	n/a
0	75	n/a
0	76	0.016999240015158363
0	77	n/a
0	78	n/a
0	79	n/a
0	80	n/a
0	81	n/a
0	82	0.015369276963949189
0	83	n/a
1	0	n/a
1	1	n/a
1	2	n/a
1	3	n/a
1	4	n/a
1	5	n/a
1	6	n/a
1	7	n/a
1	8	n/a
1	9	n/a
1	10	n/a
1	11	n/a
1	12	n/a
1	13	n/a
1	14	n/a
1	15	n/a
1	16	n/a
1	17	n/a
1	18	n/a
1	19	n/a
1	20	n/a
1	21	n/a
1	22	n/a
1	23	n/a
1	24	n/a
1	25	n/a
1	26	n/a
1	27	n/a
1	28	n/a
1	29	n/a
1	30	n/a
1	31	n/a
1	32	n/a
1	33	n/a
1	34	n/a
1	35	n/a
1	36	n/a
1	37	n/a
1	38	n/a
1	39	n/a
1	40	n/a
1	41	n/a
1	42	n/a
1	43	n/a
1	44	n/a
1	45	n/a
1	46	n/a
1	47	n/a
1	48	n/a
1	49	n/a
1	50	n/a
1	51	n/a
1	52	n/a
1	53	n/a
1	54	n/a
1	55	n/a
1	56	n/a
1	57	n/a
1	58	n/a
1	59	n/a
1	60	n/a
1	61	n/a
1	62	n/a
1	63	n/a
1	64	n/a
1	65	n/a
1	66	n/a
1	67	n/a
1	68	n/a
1	69	n/a
1	70	n/a
1	71	n/a
1	72	n/a
1	73	n/a
1	74	n/a
1	75	n/a
1	76	n/a
1	77	n/a
1	78	n/a
1	79	n/a
1	80	n/a
1	81	n/a
1	82	n/a
1	83	n/a
2	0	n/a
2	1	n/a
2	2	n/a
2	3	n/a
2	4	n/a
2	5	n/a
2	6	n/a
2	7	n/a
2	8	n/a
2	9	n/a
2	10	n/a
2	11	n/a
2	12	n/a
2	13	n/a
2	14	n/a
2	15	n/a
2	16	n/a
2	17	n/a
2	18	n/a
2	19	n/a
2	20	n/a
2	21	n/a
2	22	n/a
2	23	n/a
2	24	n/a
2	25	n/a
2	26	n/a
2	27	n/a
2	28	n/a
2	29	n/a
2	30	n/a
2	31	n/a
2	32	n/a
2	33	n/a
2	34	n/a
2	35	n/a
2	36	n/a
2	37	n/a
2	38	n/a
2	39	n/a
2	40	n/a
2	41	n/a
2	42	n/a
2	43	n/a
2	44	n/a
2	45	n/a
2	46	n/a
2	47	n/a
2	48	n/a
2	49	n/a
2	50	n/a
2	51	n/a
2	52	n/a
2	53	n/a
2	54	n/a
2	55	n/a
2	56	n/a
2	57	n/a
2	58	n/a
2	59	n/a
2	60	n/a
2	61	n/a
2	62	n/a
2	63	n/a
2	64	n/a
2	65	n/a
2	66	n/a
2	67	n/a
2	68	n/a
2	69	n/a
2	70	n/a
2	71	n/a
2	72	n/a
2	73	n/a
2	74	n/a
2	75	n/a
2	76	n/a
2	77	n/a
2	78	n/a
2	79	n/a
2	80	n/a
2	81	n/a
2	82	n/a
2	83	n/a
3	0	n/a
3	1	n/a
3	2	n/a
3	3	n/a
3	4	n/a
3	5	n/a
3	6	n/a
3	7	n/a
3	8	n/a
3	9	n/a
3	10	n/a
3	11	n/a
3	12	n/a
3	13	n/a
3	14	n/a
3	15	n/a
3	16	n/a
3	17	n/a
3	18	n/a
3	19	n/a
3	20	n/a
3	21	n/a
3	22	n/a
3	23	n/a
3	24	n/a
3	25	n/a
3	26	n/a
3	27	n/a
3	28	n/a
3	29	n/a
3	30	n/a
3	31	n/a
3	32	n/a
3	33	n/a
3	34	n/a
3	35	n/a
3	36	n/a
3	37	n/a
3	38	n/a
3	39	n/a
3	40	n/a
3	41	n/a
3	42	n/a
3	43	n/a
3	44	n/a
3	45	n/a
3	46	n/a
3	47	n/a
3	48	n/a
3	49	n/a
3	50	n/a
3	51	n/a
3	52	n/a
3	53	n/a
3	54	n/a
3	55	n/a
3	56	n/a
3	57	n/a
3	58	n/a
3	59	n/a
3	60	n/a
3	61	n/a
3	62	n/a
3	63	n/a
3	64	n/a
3	65	n/a
3	66	n/a
3	67	n/a
3	68	n/a
3	69	n/a
3	70	n/a
3	71	n/a
3	72	n/a
3	73	n/a
3	74	n/a
3	75	n/a
3	76	n/a
3	77	n/a
3	78	n/a
3	79	n/a
3	80	n/a
3	81	n/a
3	82	n/a
3	83	n/a
4	0	n/a
4	1	n/a
4	2	n/a
4	3	n/a
4	4	n/a
4	5	0.16030392761371318
4	6	n/a
4	7	n/a
4	8	n/a
4	9	0.05245324999790091
4	10	n/a
4	11	n/a
4	12	n/a
4	13	0.08834545559190314
4	14	n/a
4	15	0.015122316566088596
4	16	0.15161260208588231
4	17	n/a
4	18	n/a
4	19	n/a
4	20	n/a
4	21	n/a
4	22	n/a
4	23	0.1023019377351489
4	24	0.06795903417689093
4	25	n/a
4	26	n/a
4	27	n/a
4	28	n/a
4	29	0.09326695224508469
4	30	n/a
4	31	n/a
4	32	n/a
4	33	n/a
4	34	0.0671746111776639
4	35	n/a
4	36	n/a
4	37	n/a
4	38	0.009371049136562407
4	39	0.16136922609917165
4	40	n/a
4	41	n/a
4	42	n/a
4	43	0.03779933296252858
4	44	0.09466653600658556
4	45	n/a
4	46	n/a
4	47	n/a
4	48	n/a
4	49	0.1268751376338275
4	50	n/a
4	51	n/a
4	52	0.07050105036984007
4	53	n/a
4	54	n/a
4	55	n/a
4	56	n/a
4	57	n/a
4	58	0.013440312526416951
4	59	n/a
4	60	n/a
4	61	n/a
4	62	n/a
4	63	0.1549865399182812
4	64	n/a
4	65	n/a
4	66	n/a
4	67	n/a
4	68	n/a
4	69	n/a
4	70	n/a
4	71	n/a
4	72	n/a
4	73	n/a
4	74	n/a
4	75	n/a
4	76	0.05407393327316864
4	77	0.03426895811019938
4	78	n/a
4	79	n/a
4	80	n/a
4	81	n/a
4	82	n/a
4	83	n/a
5	0	0.04184728117206428
5	1	n/a
5	2	n/a
5	3	n/a
5	4	0.16030392761371318
5	5	0.04613909059205935
5	6	0.0336382298496788
5	7	0.07287828241879596
5	8	n/a
5	9	n/a
5	10	n/a
5	11	0.013230345340491199
5	12	n/a
5	13	0.025436477447524683
5	14	n/a
5	15	n/a
5	16	0.1386446348603134
5	17	n/a
5	18	n/a
5	19	n/a
5	20	0.15311831245088633
5	21	n/a
5	22	n/a
5	23	0.061542542983376275
5	24	0.06319516355507487
5	25	n/a
5	26	n/a
5	27	7.648230925018977E-4
5	28	n/a
5	29	0.15356086170730684
5	30	n/a
5	31	0.030895685184885675
5	32	0.06691303985056041
5	33	n/a
5	34	0.12613250752127514
5	35	n/a
5	36	n/a
5	37	n/a
5	38	0.10343948349907232
5	39	0.10599499671377907
5	40	n/a
5	41	n/a
5	42	n/a
5	43	n/a
5	44	0.017985039537859692
5	45	n/a
5	46	n/a
5	47	n/a
5	48	n/a
5	49	0.061468587279417314
5	50	n/a
5	51	n/a
5	52	0.07353136563631829
5	53	n/a
5	54	n/a
5	55	0.001843207529546894
5	56	n/a
5	57	0.005054149902873289
5	58	0.07818369799948069
5	59	n/a
5	60	n/a
5	61	n/a
5	62	n/a
5	63	0.05147707704883803
5	64	n/a
5	65	n/a
5	66	n/a
5	67	n/a
5	68	n/a
5	69	0.011011219661472811
5	70	n/a
5	71	n/a
5	72	0.10715779231129102
5	73	n/a
5	74	n/a
5	75	n/a
5	76	0.14590061620876643
5	77	0.13021867070573923
5	78	n/a
5	79	n/a
5	80	n/a
5	81	0.07186557899677933
5	82	0.056325113000420826
5	83	0.04340700859923313
6	0	0.03179471178329788
6	1	n/a
6	2	n/a
6	3	n/a
6	4	n/a
6	5	0.0336382298496788
6	6	0.04505504283282253
6	7	0.09769903388318979
6	8	n/a
6	9	n/a
6	10	n/a
6	11	0.036084925617226524
6	12	n/a
6	13	0.09671390712920572
6	14	n/a
6	15	n/a
6	16	0.0893545719918461
6	17	n/a
6	18	n/a
6	19	n/a
6	20	0.09829444416309532
6	21	0.14046719060103788
6	22	n/a
6	23	0.13305996836151257
6	24	0.04692883837241578
6	25	n/a
6	26	0.043450839304520525
6	27	0.0339447784279543
6	28	n/a
6	29	0.07376167057135037
6	30	n/a
6	31	0.16877138063882077
6	32	0.07878809199907054
6	33	n/a
6	34	0.12358711097406838
6	35	n/a
6	36	n/a
6	37	n/a
6	38	0.12435082412115361
6	39	0.12942774384468994
6	40	0.1774543727279645
6	41	n/a
6	42	0.056746614790032575
6	43	n/a
6	44	0.11936906929422349
6	45	n/a
6	46	n/a
6	47	n/a
6	48	n/a
6	49	0.09570327455492171
6	50	n/a
6	51	n/a
6	52	0.09482472202429344
6	53	n/a
6	54	n/a
6	55	0.056193331518602285
6	56	n/a
6	57	0.060990600015571446
6	58	0.0672297598980366
6	59	n/a
6	60	n/a
6	61	n/a
6	62	n/a
6	63	0.08817774667332595
6	64	n/a
6	65	0.0654245237400583
6	66	n/a
6	67	n/a
6	68	n/a
6	69	0.059670659493911246
6	70	n/a
6	71	n/a
6	72	0.1602368086900037
6	73	n/a
6	74	n/a
6	75	n/a
6	76	0.205626496067853
6	77	0.18418061459066096
6	78	n/a
6	79	n/a
6	80	n/a
6	81	n/a
6	82	0.13202575216092602
6	83	0.09572678322508976
7	0	0.1540303031568976
7	1	n/a
7	2	n/a
7	3	n/a
7	4	n/a
7	5	0.07287828241879596
7	6	0.09769903388318979
7	7	n/a
7	8	n/a
7	9	0.05446223631655262
7	10	n/a
7	11	0.13340418095765225
7	12	n/a
7	13	0.09157661270239431
7	14	n/a
7	15	0.10377788051060728
7	16	0.07754240050732178
7	17	n/a
7	18	n/a
7	19	0.10109172894297268
7	20	0.10659534909355592
7	21	0.10520887399988972
7	22	n/a
7	23	0.14033306313355381
7	24	0.008189719999678827
7	25	n/a
7	26	0.09550379905639371
7	27	0.09529979378008496
7	28	n/a
7	29	0.11016870210054708
7	30	n/a
7	31	n/a
7	32	0.024228141314939274
7	33	n/a
7	34	0.18515274735136444
7	35	n/a
7	36	n/a
7	37	n/a
7	38	0.14917439603566748
7	39	0.14717840934675724
7	40	0.028177797065995665
7	41	n/a
7	42	0.01719801477248916
7	43	0.15158519215789634
7	44	0.048244856341007426
7	45	n/a
7	46	n/a
7	47	n/a
7	48	n/a
7	49	n/a
7	50	n/a
7	51	n/a
7	52	n/a
7	53	n/a
7	54	n/a
7	55	0.053325348686580676
7	56	n/a
7	57	0.04572708511907238
7	58	n/a
7	59	n/a
7	60	n/a
7	61	n/a
7	62	n/a
7	63	0.1222224300743782
7	64	n/a
7	65	0.10371140225969962
7	66	n/a
7	67	n/a
7	68	n/a
7	69	n/a
7	70	n/a
7	71	n/a
7	72	0.06028143176315574
7	73	n/a
7	74	0.04663576518181493
7	75	n/a
7	76	0.1456157662957438
7	77	n/a
7	78	n/a
7	79	n/a
7	80	n/a
7	81	n/a
7	82	n/a
7	83	0.07212021762050207
8	0	n/a
8	1	n/a
8	2	n/a
8	3	n/a
8	4	n/a
8	5	n/a
8	6	n/a
8	7	n/a
8	8	n/a
8	9	n/a
8	10	n/a
8	11	n/a
8	12	n/a
8	13	n/a
8	14	n/a
8	15	n/a
8	16	n/a
8	17	n/a
8	18	n/a
8	19	n/a
8	20	n/a
8	21	n/a
8	22	n/a
8	23	n/a
8	24	n/a
8	25	n/a
8	26	n/a
8	27	n/a
8	28	n/a
8	29	n/a
8	30	n/a
8	31	n/a
8	32	n/a
8	33	n/a
8	34	n/a
8	35	n/a
8	36	n/a
8	37	n/a
8	38	n/a
8	39	n/a
8	40	n/a
8	41	n/a
8	42	n/a
8	43	n/a
8	44	n/a
8	45	n/a
8	46	n/a
8	47	n/a
8	48	n/a
8	49	n/a
8	50	n/a
8	51	n/a
8	52	n/a
8	53	n/a
8	54	n/a
8	55	n/a
8	56	n/a
8	57	n/a
8	58	n/a
8	59	n/a
8	60	n/a
8	61	n/a
8	62	n/a
8	63	n/a
8	64	n/a
8	65	n/a
8	66	n/a
8	67	n/a
8	68	n/a
8	69	n/a
8	70	n/a
8	71	n/a
8	72	n/a
8	73	n/a
8	74	n/a
8	75	n/a
8	76	n/a
8	77	n/a
8	78	n/a
8	79	n/a
8	80	n/a
8	81	n/a
8	82	n/a
8	83	n/a
9	0	0.07813243585797679
9	1	n/a
9	2	n/a
9	3	n/a
9	4	0.05245324999790091
9	5	n/a
9	6	n/a
9	7	0.05446223631655262
9	8	n/a
9	9	n/a
9	10	n/a
9	11	0.01845282196515948
9	12	n/a
9	13	n/a
9	14	n/a
9	15	0.12330058478102292
9	16	0.012494237238347309
9	17	n/a
9	18	n/a
9	19	n/a
9	20	0.018581725363635237
9	21	0.011440311059472982
9	22	n/a
9	23	0.10363505894786708
9	24	0.15406615398936824
9	25	n/a
9	26	0.10035316424414809
9	27	n/a
9	28	n/a
9	29	0.041256535108944455
9	30	n/a
9	31	0.10554441816458043
9	32	n/a
9	33	n/a
9	34	0.09264807598609873
9	35	n/a
9	36	n/a
9	37	n/a
9	38	0.1284977686652067
9	39	0.08528591953699609
9	40	0.07037025643670582
9	41	n/a
9	42	0.009418954196694135
9	43	n/a
9	44	0.05737297652556992
9	45	n/a
9	46	n/a
9	47	n/a
9	48	n/a
9	49	0.06692098582387539
9	50	n/a
9	51	n/a
9	52	0.13671521021921426
9	53	n/a
9	54	n/a
9	55	0.10862247451263757
9	56	n/a
9	57	0.14504271812765282
9	58	0.020115418031452177
9	59	n/a
9	60	n/a
9	61	n/a
9	62	n/a
9	63	n/a
9	64	n/a
9	65	0.20006809034751558
9	66	n/a
9	67	n/a
9	68	n/a
9	69	0.03227594575534495
9	70	0.055877453084085135
9	71	n/a
9	72	0.15744675794704963
9	73	n/a
9	74	0.06203243627162812
9	75	n/a
9	76	0.1224842648855033
9	77	0.17879278194924558
9	78	n/a
9	79	n/a
9	80	n/a
9	81	0.002360838914319819
9	82	n/a
9	83	n/a
10	0	n/a
10	1	n/a
10	2	n/a
10	3	n/a
10	4	n/a
10	5	n/a
10	6	n/a
10	7	n/a
10	8	n/a
10	9	n/a
10	10	n/a
10	11	n/a
10	12	n/a
10	13	n/a
10	14	n/a
10	15	n/a
10	16	n/a
10	17	n/a
10	18	n/a
10	19	n/a
10	20	n/a
10	21	n/a
10	22	n/a
10	23	n/a
10	24	n/a
10	25	n/a
10	26	n/a
10	27	n/a
10	28	n/a
10	29	n/a
10	30	n/a
10	31	n/a
10	32	n/a
10	33	n/a
10	34	n/a
10	35	n/a
10	36	n/a
10	37	n/a
10	38	n/a
10	39	n/a
10	40	n/a
10	41	n/a
10	42	n/a
10	43	n/a
10	44	n/a
10	45	n/a
10	46	n/a
10	47	n/a
10	48	n/a
10	49	n/a
10	50	n/a
10	51	n/a
10	52	n/a
10	53	n/a
10	54	n/a
10	55	n/a
10	56	n/a
10	57	n/a
10	58	n/a
10	59	n/a
10	60	n/a
10	61	n/a
10	62	n/a
10	63	n/a
10	64	n/a
10	65	n/a
10	66	n/a
10	67	n/a
10	68	n/a
10	69	n/a
10	70	n/a
10	71	n/a
10	72	n/a
10	73	n/a
10	74	n/a
10	75	n/a
10	76	n/a
10	77	n/a
10	78	n/a
10	79	n/a
10	80	n/a
10	81	n/a
10	82	n/a
10	83	n/a
11	0	n/a
11	1	n/a
11	2	n/a
11	3	n/a
11	4	n/a
11	5	0.013230345340491199
11	6	0.036084925617226524
11	7	0.13340418095765225
11	8	n/a
11	9	0.01845282196515948
11	10	n/a
11	11	n/a
11	12	n/a
11	13	0.07243153576587982
11	14	n/a
11	15	0.14668069107739945
11	16	0.018041368811963453
11	17	n/a
11	18	n/a
11	19	n/a
11	20	n/a
11	21	n/a
11	22	n/a
11	23	0.04343021453826076
11	24	n/a
11	25	n/a
11	26	n/a
11	27	0.04224372402842922
11	28	n/a
11	29	0.05976085258970701
11	30	n/a
11	31	0.027980004227276926
11	32	n/a
11	33	n/a
11	34	n/a
11	35	n/a
11	36	n/a
11	37	n/a
11	38	n/a
11	39	n/a
11	40	0.14709445530172696
11	41	n/a
11	42	0.024201679265630698
11	43	n/a
11	44	n/a
11	45	n/a
11	46	n/a
11	47	n/a
11	48	n/a
11	49	n/a
11	50	n/a
11	51	n/a
11	52	0.05160785251748793
11	53	n/a
11	54	n/a
11	55	0.17378025061717123
11	56	n/a
11	57	n/a
11	58	0.07130272975755206
11	59	n/a
11	60	n/a
11	61	n/a
11	62	n/a
11	63	0.14884185401316594
11	64	n/a
11	65	0.03120519401682628
11	66	n/a
11	67	n/a
11	68	n/a
11	69	0.07744032320586425
11	70	n/a
11	71	n/a
11	72	0.12166771157258208
11	73	n/a
11	74	n/a
11	75	n/a
11	76	0.16240964783419728
11	77	0.07301193852005368
11	78	n/a
11	79	n/a
11	80	n/a
11	81	0.13975665492722572
11	82	0.09715380174258824
11	83	0.06608175092680559
12	0	n/a
12	1	n/a
12	2	n/a
12	3	n/a
12	4	n/a
12	5	n/a
12	6	n/a
12	7	n/a
12	8	n/a
12	9	n/a
12	10	n/a
12	11	n/a
12	12	n/a
12	13	n/a
12	14	n/a
12	15	n/a
12	16	n/a
12	17	n/a
12	18	n/a
12	19	n/a
12	20	n/a
12	21	n/a
12	22	n/a
12	23	n/a
12	24	n/a
12	25	n/a
12	26	n/a
12	27	n/a
12	28	n/a
12	29	n/a
12	30	n/a
12	31	n/a
12	32	n/a
12	33	n/a
12	34	n/a
12	35	n/a
12	36	n/a
12	37	n/a
12	38	n/a
12	39	n/a
12	40	n/a
12	41	n/a
12	42	n/a
12	43	n/a
12	44	n/a
12	45	n/a
12	46	n/a
12	47	n/a
12	48	n/a
12	49	n/a
12	50	n/a
12	51	n/a
12	52	n/a
12	53	n/a
12	54	n/a
12	55	n/a
12	56	n/a
12	57	n/a
12	58	n/a
12	59	n/a
12	60	n/a
12	61	n/a
12	62	n/a
12	63	n/a
12	64	n/a
12	65	n/a
12	66	n/a
12	67	n/a
12	68	n/a
12	69	n/a
12	70	n/a
12	71	n/a
12	72	n/a
12	73	n/a
12	74	n/a
12	75	n/a
12	76	n/a
12	77	n/a
12	78	n/a
12	79	n/a
12	80	n/a
12	81	n/a
12	82	n/a
12	83	n/a
13	0	0.0767620917196433
13	1	n/a
13	2	n/a
13	3	n/a
13	4	0.08834545559190314
13	5	0.025436477447524683
13	6	0.09671390712920572
13	7	0.09157661270239431
13	8	n/a
13	9	n/a
13	10	n/a
13	11	0.07243153576587982
13	12	n/a
13	13	0.11774512062549679
13	14	n/a
13	15	0.11910402025455803
13	16	0.08406939218180166
13	17	n/a
13	18	n/a
13	19	0.07257384748766575
13	20	0.11107542000123242
13	21	n/a
13	22	n/a
13	23	0.14723137852978196
13	24	n/a
13	25	n/a
13	26	0.08566153901929008
13	27	0.10720593023440968
13	28	n/a
13	29	0.12205090193517694
13	30	n/a
13	31	0.1440199872870284
13	32	0.0027027954759158844
13	33	n/a
13	34	n/a
13	35	n/a
13	36	n/a
13	37	n/a
13	38	0.0775962345236093
13	39	0.0562400253237991
13	40	n/a
13	41	n/a
13	42	0.11147716962410292
13	43	0.09392913984952861
13	44	n/a
13	45	n/a
13	46	n/a
13	47	n/a
13	48	n/a
13	49	n/a
13	50	n/a
13	51	n/a
13	52	0.03611903866711149
13	53	0.08706777841960443
13	54	n/a
13	55	0.07478148625700647
13	56	n/a
13	57	0.16762157131343175
13	58	0.09871562408935565
13	59	n/a
13	60	n/a
13	61	n/a
13	62	n/a
13	63	0.005426676867719381
13	64	n/a
13	65	0.09684548051826082
13	66	n/a
13	67	n/a
13	68	n/a
13	69	0.02060818507807512
13	70	0.0621990759703639
13	71	n/a
13	72	0.12005519213599125
13	73	n/a
13	74	n/a
13	75	n/a
13	76	0.147316194945691
13	77	0.15358257212120566
13	78	n/a
13	79	0.15546587484995128
13	80	n/a
13	81	0.07476211018194825
13	82	0.07138563862380183
13	83	0.09171681137744571
14	0	n/a
14	1	n/a
14	2	n/a
14	3	n/a
14	4	n/a
14	5	n/a
14	6	n/a
14	7	n/a
14	8	n/a
14	9	n/a
14	10	n/a
14	11	n/a
14	12	n/a
14	13	n/a
14	14	n/a
14	15	n/a
14	16	n/a
14	17	n/a
14	18	n/a
14	19	n/a
14	20	n/a
14	21	n/a
14	22	n/a
14	23	n/a
14	24	n/a
14	25	n/a
14	26	n/a
14	27	n/a
14	28	n/a
14	29	n/a
14	30	n/a
14	31	n/a
14	32	n/a
14	33	n/a
14	34	n/a
14	35	n/a
14	36	n/a
14	37	n/a
14	38	n/a
14	39	n/a
14	40	n/a
14	41	n/a
14	42	n/a
14	43	n/a
14	44	n/a
14	45	n/a
14	46	n/a
14	47	n/a
14	48	n/a
14	49	n/a
14	50	n/a
14	51	n/a
14	52	n/a
14	53	n/a
14	54	n/a
14	55	n/a
14	56	n/a
14	57	n/a
14	58	n/a
14	59	n/a
14	60	n/a
14	61	n/a
14	62	n/a
14	63	n/a
14	64	n/a
14	65	n/a
14	66	n/a
14	67	n/a
14	68	n/a
14	69	n/a
14	70	n/a
14	71	n/a
14	72	n/a
14	73	n/a
14	74	n/a
14	75	n/a
14	76	n/a
14	77	n/a
14	78	n/a
14	79	n/a
14	80	n/a
14	81	n/a
14	82	n/a
14	83	n/a
15	0	0.17239594879503636
15	1	n/a
15	2	n/a
15	3	n/a
15	4	0.015122316566088596
15	5	n/a
15	6	n/a
15	7	0.10377788051060728
15	8	n/a
15	9	0.12330058478102292
15	10	n/a
15	11	0.14668069107739945
15	12	n/a
15	13	0.11910402025455803
15	14	n/a
15	15	n/a
15	16	0.06660883353392805
15	17	n/a
15	18	n/a
15	19	0.06877862109460932
15	20	n/a
15	21	0.07177352806326844
15	22	n/a
15	23	0.04318240236271382
15	24	0.12178782944658459
15	25	n/a
15	26	0.02238040528775392
15	27	n/a
15	28	n/a
15	29	0.06413992364806066
15	30	n/a
15	31	0.07267355145336526
15	32	n/a
15	33	n/a
15	34	0.053295586252214006
15	35	n/a
15	36	n/a
15	37	n/a
15	38	n/a
15	39	0.08653915028392536
15	40	0.05376411266587443
15	41	n/a
15	42	0.012279655533143724
15	43	0.09607228183202333
15	44	0.08512699191815021
15	45	n/a
15	46	n/a
15	47	n/a
15	48	n/a
15	49	0.10853502831088616
15	50	n/a
15	51	n/a
15	52	0.03632807509825711
15	53	n/a
15	54	n/a
15	55	0.12991918852813722
15	56	n/a
15	57	n/a
15	58	n/a
15	59	n/a
15	60	n/a
15	61	n/a
15	62	n/a
15	63	n/a
15	64	n/a
15	65	n/a
15	66	n/a
15	67	n/a
15	68	n/a
15	69	0.0963984268024924
15	70	0.09239475007323236
15	71	n/a
15	72	0.08998424385246327
15	73	n/a
15	74	n/a
15	75	n/a
15	76	0.11429928035997099
15	77	n/a
15	78	n/a
15	79	0.051845298239792385
15	80	n/a
15	81	n/a
15	82	n/a
15	83	n/a
16	0	0.09489273215454472
16	1	n/a
16	2	n/a
16	3	n/a
16	4	0.15161260208588231
16	5	0.1386446348603134
16	6	0.0893545719918461
16	7	0.07754240050732178
16	8	n/a
16	9	0.012494237238347309
16	10	n/a
16	11	0.018041368811963453
16	12	n/a
16	13	0.08406939218180166
16	14	n/a
16	15	0.06660883353392805
16	16	n/a
16	17	n/a
16	18	n/a
16	19	0.05143167080175787
16	20	0.08081676007022712
16	21	0.06254064391688799
16	22	n/a
16	23	0.06092800486952461
16	24	0.05348122556240748
16	25	n/a
16	26	0.07606241314190856
16	27	0.05081402717846821
16	28	n/a
16	29	0.06947681684725357
16	30	n/a
16	31	n/a
16	32	0.025660235751834102
16	33	n/a
16	34	0.02130842615329059
16	35	n/a
16	36	n/a
16	37	n/a
16	38	0.10667585701373856
16	39	0.08094477790826368
16	40	n/a
16	41	n/a
16	42	n/a
16	43	0.030396556014766665
16	44	0.13078883320120788
16	45	n/a
16	46	n/a
16	47	n/a
16	48	n/a
16	49	n/a
16	50	n/a
16	51	n/a
16	52	0.03431295542193425
16	53	0.09524980868915502
16	54	n/a
16	55	0.1906505313713714
16	56	n/a
16	57	n/a
16	58	0.003167238415463979
16	59	n/a
16	60	n/a
16	61	n/a
16	62	n/a
16	63	n/a
16	64	n/a
16	65	0.10656208038988503
16	66	n/a
16	67	n/a
16	68	n/a
16	69	0.09660526858737876
16	70	0.1858438028421692
16	71	n/a
16	72	n/a
16	73	n/a
16	74	0.14886701755341228
16	75	n/a
16	76	0.03112935141719444
16	77	n/a
16	78	n/a
16	79	n/a
16	80	n/a
16	81	0.14722507496266782
16	82	0.10768099313749627
16	83	n/a
17	0	n/a
17	1	n/a
17	2	n/a
17	3	n/a
17	4	n/a
17	5	n/a
17	6	n/a
17	7	n/a
17	8	n/a
17	9	n/a
17	10	n/a
17	11	n/a
17	12	n/a
17	13	n/a
17	14	n/a
17	15	n/a
17	16	n/a
17	17	n/a
17	18	n/a
17	19	n/a
17	20	n/a
17	21	n/a
17	22	n/a
17	23	n/a
17	24	n/a
17	25	n/a
17	26	n/a
17	27	n/a
17	28	n/a
17	29	n/a
17	30	n/a
17	31	n/a
17	32	n/a
17	33	n/a
17	34	n/a
17	35	n/a
17	36	n/a
17	37	n/a
17	38	n/a
17	39	n/a
17	40	n/a
17	41	n/a
17	42	n/a
17	43	n/a
17	44	n/a
17	45	n/a
17	46	n/a
17	47	n/a
17	48	n/a
17	49	n/a
17	50	n/a
17	51	n/a
17	52	n/a
17	53	n/a
17	54	n/a
17	55	n/a
17	56	n/a
17	57	n/a
17	58	n/a
17	59	n/a
17	60	n/a
17	61	n/a
17	62	n/a
17	63	n/a
17	64	n/a
17	65	n/a
17	66	n/a
17	67	n/a
17	68	n/a
17	69	n/a
17	70	n/a
17	71	n/a
17	72	n/a
17	73	n/a
17	74	n/a
17	75	n/a
17	76	n/a
17	77	n/a
17	78	n/a
17	79	n/a
17	80	n/a
17	81	n/a
17	82	n/a
17	83	n/a
18	0	n/a
18	1	n/a
18	2	n/a
18	3	n/a
18	4	n/a
18	5	n/a
18	6	n/a
18	7	n/a
18	8	n/a
18	9	n/a
18	10	n/a
18	11	n/a
18	12	n/a
18	13	n/a
18	14	n/a
18	15	n/a
18	16	n/a
18	17	n/a
18	18	n/a
18	19	n/a
18	20	n/a
18	21	n/a
18	22	n/a
18	23	n/a
18	24	n/a
18	25	n/a
18	26	n/a
18	27	n/a
18	28	n/a
18	29	n/a
18	30	n/a
18	31	n/a
18	32	n/a
18	33	n/a
18	34	n/a
18	35	n/a
18	36	n/a
18	37	n/a
18	38	n/a
18	39	n/a
18	40	n/a
18	41	n/a
18	42	n/a
18	43	n/a
18	44	n/a
18	45	n/a
18	46	n/a
18	47	n/a
18	48	n/a
18	49	n/a
18	50	n/a
18	51	n/a
18	52	n/a
18	53	n/a
18	54	n/a
18	55	n/a
18	56	n/a
18	57	n/a
18	58	n/a
18	59	n/a
18	60	n/a
18	61	n/a
18	62	n/a
18	63	n/a
18	64	n/a
18	65	n/a
18	66	n/a
18	67	n/a
18	68	n/a
18	69	n/a
18	70	n/a
18	71	n/a
18	72	n/a
18	73	n/a
18	74	n/a
18	75	n/a
18	76	n/a
18	77	n/a
18	78	n/a
18	79	n/a
18	80	n/a
18	81	n/a
18	82	n/a
18	83	n/a
19	0	n/a
19	1	n/a
19	2	n/a
19	3	n/a
19	4	n/a
19	5	n/a
19	6	n/a
19	7	0.10109172894297268
19	8	n/a
19	9	n/a
19	10	n/a
19	11	n/a
19	12	n/a
19	13	0.07257384748766575
19	14	n/a
19	15	0.06877862109460932
19	16	0.05143167080175787
19	17	n/a
19	18	n/a
19	19	n/a
19	20	0.07426693554928604
19	21	n/a
19	22	n/a
19	23	n/a
19	24	n/a
19	25	n/a
19	26	n/a
19	27	n/a
19	28	n/a
19	29	0.07001899171536274
19	30	n/a
19	31	0.08587059982281244
19	32	n/a
19	33	n/a
19	34	n/a
19	35	n/a
19	36	n/a
19	37	n/a
19	38	0.02954067697125227
19	39	0.011376021178152495
19	40	0.09741341097141698
19	41	n/a
19	42	n/a
19	43	0.001312508449739382
19	44	0.0922546249437262
19	45	n/a
19	46	n/a
19	47	n/a
19	48	n/a
19	49	n/a
19	50	n/a
19	51	n/a
19	52	n/a
19	53	n/a
19	54	n/a
19	55	0.11891725862120131
19	56	n/a
19	57	0.09983802622398757
19	58	0.10856919645973129
19	59	n/a
19	60	n/a
19	61	n/a
19	62	n/a
19	63	n/a
19	64	n/a
19	65	0.014670241436911558
19	66	n/a
19	67	n/a
19	68	n/a
19	69	0.05672703255845105
19	70	n/a
19	71	n/a
19	72	0.10488972876629528
19	73	n/a
19	74	n/a
19	75	n/a
19	76	0.07579014516519499
19	77	0.04399974791393595
19	78	n/a
19	79	n/a
19	80	n/a
19	81	n/a
19	82	n/a
19	83	n/a
20	0	0.1164506720501794
20	1	n/a
20	2	n/a
20	3	n/a
20	4	n/a
20	5	0.15311831245088633
20	6	0.09829444416309532
20	7	0.10659534909355592
20	8	n/a
20	9	0.018581725363635237
20	10	n/a
20	11	n/a
20	12	n/a
20	13	0.11107542000123242
20	14	n/a
20	15	n/a
20	16	0.08081676007022712
20	17	n/a
20	18	n/a
20	19	0.07426693554928604
20	20	n/a
20	21	0.03257324872095563
20	22	n/a
20	23	0.010525449537654006
20	24	0.003161787796516376
20	25	n/a
20	26	0.03478690145813654
20	27	n/a
20	28	n/a
20	29	0.01607390256796421
20	30	n/a
20	31	0.08406491987999204
20	32	0.04715648594328707
20	33	n/a
20	34	0.034020013854048285
20	35	n/a
20	36	n/a
20	37	n/a
20	38	0.05602615543762829
20	39	0.04348052264285817
20	40	0.09430094878564424
20	41	n/a
20	42	0.027422316245508303
20	43	0.0015327159741433693
20	44	n/a
20	45	n/a
20	46	n/a
20	47	n/a
20	48	n/a
20	49	n/a
20	50	n/a
20	51	n/a
20	52	0.020379834749981708
20	53	n/a
20	54	n/a
20	55	0.10442870416245302
20	56	n/a
20	57	0.12544743322463617
20	58	n/a
20	59	n/a
20	60	n/a
20	61	n/a
20	62	n/a
20	63	n/a
20	64	n/a
20	65	0.010235593200575925
20	66	n/a
20	67	n/a
20	68	n/a
20	69	0.06763899184193291
20	70	0.06663965292042973
20	71	n/a
20	72	0.07786751020540543
20	73	n/a
20	74	n/a
20	75	n/a
20	76	0.05175477139234553
20	77	0.024864099629093847
20	78	n/a
20	79	2.674322191839168E-4
20	80	n/a
20	81	n/a
20	82	n/a
20	83	0.03504506974689578
21	0	0.06872937592990279
21	1	n/a
21	2	n/a
21	3	n/a
21	4	n/a
21	5	n/a
21	6	0.14046719060103788
21	7	0.10520887399988972
21	8	n/a
21	9	0.011440311059472982
21	10	n/a
21	11	n/a
21	12	n/a
21	13	n/a
21	14	n/a
21	15	0.07177352806326844
21	16	0.06254064391688799
21	17	n/a
21	18	n/a
21	19	n/a
21	20	0.03257324872095563
21	21	0.09863336941575696
21	22	n/a
21	23	0.10029325783731581
21	24	0.0869687851080487
21	25	n/a
21	26	0.0719407380104349
21	27	0.05563760419767199
21	28	n/a
21	29	0.07990493148075808
21	30	n/a
21	31	n/a
21	32	0.05919785120725465
21	33	n/a
21	34	0.04003083153712999
21	35	n/a
21	36	n/a
21	37	n/a
21	38	0.1173951553450498
21	39	0.16114997000940814
21	40	0.05852993138186999
21	41	n/a
21	42	0.10320538867342782
21	43	0.11489696243326505
21	44	0.10117072900520703
21	45	n/a
21	46	n/a
21	47	n/a
21	48	n/a
21	49	0.0640970870881953
21	50	n/a
21	51	n/a
21	52	0.06655784399097477
21	53	0.15131025508413243
21	54	n/a
21	55	0.06340203150846989
21	56	n/a
21	57	0.07192258721128612
21	58	0.15607744976258991
21	59	n/a
21	60	n/a
21	61	n/a
21	62	n/a
21	63	n/a
21	64	n/a
21	65	0.13937872738470652
21	66	n/a
21	67	n/a
21	68	n/a
21	69	0.09196288623547356
21	70	0.07644048624052216
21	71	n/a
21	72	0.09456975732925207
21	73	n/a
21	74	0.11450120865054335
21	75	n/a
21	76	0.07730492287401831
21	77	n/a
21	78	n/a
21	79	n/a
21	80	n/a
21	81	n/a
21	82	n/a
21	83	0.06871374735538735
22	0	n/a
22	1	n/a
22	2	n/a
22	3	n/a
22	4	n/a
22	5	n/a
22	6	n/a
22	7	n/a
22	8	n/a
22	9	n/a
22	10	n/a
22	11	n/a
22	12	n/a
22	13	n/a
22	14	n/a
22	15	n/a
22	16	n/a
22	17	n/a
22	18	n/a
22	19	n/a
22	20	n/a
22	21	n/a
22	22	n/a
22	23	n/a
22	24	n/a
22	25	n/a
22	26	n/a
22	27	n/a
22	28	n/a
22	29	n/a
22	30	n/a
22	31	n/a
22	32	n/a
22	33	n/a
22	34	n/a
22	35	n/a
22	36	n/a
22	37	n/a
22	38	n/a
22	39	n/a
22	40	n/a
22	41	n/a
22	42	n/a
22	43	n/a
22	44	n/a
22	45	n/a
22	46	n/a
22	47	n/a
22	48	n/a
22	49	n/a
22	50	n/a
22	51	n/a
22	52	n/a
22	53	n/a
22	54	n/a
22	55	n/a
22	56	n/a
22	57	n/a
22	58	n/a
22	59	n/a
22	60	n/a
22	61	n/a
22	62	n/a
22	63	n/a
22	64	n/a
22	65	n/a
22	66	n/a
22	67	n/a
22	68	n/a
22	69	n/a
22	70	n/a
22	71	n/a
22	72	n/a
22	73	n/a
22	74	n/a
22	75	n/a
22	76	n/a
22	77	n/a
22	78	n/a
22	79	n/a
22	80	n/a
22	81	n/a
22	82	n/a
22	83	n/a
23	0	0.05463591946948791
23	1	n/a
23	2	n/a
23	3	n/a
23	4	0.1023019377351489
23	5	0.061542542983376275
23	6	0.13305996836151257
23	7	0.14033306313355381
23	8	n/a
23	9	0.10363505894786708
23	10	n/a
23	11	0.04343021453826076
23	12	n/a
23	13	0.14723137852978196
23	14	n/a
23	15	0.04318240236271382
23	16	0.06092800486952461
23	17	n/a
23	18	n/a
23	19	n/a
23	20	0.010525449537654006
23	21	0.10029325783731581
23	22	n/a
23	23	0.033138890727449244
23	24	0.11633746382193323
23	25	n/a
23	26	0.07806624372837041
23	27	0.021848644579060435
23	28	n/a
23	29	0.11207591300201804
23	30	n/a
23	31	0.038408804822610464
23	32	0.1445935320698726
23	33	n/a
23	34	0.04585872986840274
23	35	n/a
23	36	n/a
23	37	n/a
23	38	0.1458892353398796
23	39	0.19865815746255355
23	40	0.10699737623643327
23	41	n/a
23	42	0.12277601778975998
23	43	0.10899262800079837
23	44	0.11016908694839977
23	45	n/a
23	46	n/a
23	47	n/a
23	48	n/a
23	49	n/a
23	50	n/a
23	51	n/a
23	52	0.13856448681071862
23	53	n/a
23	54	n/a
23	55	0.1574194557951576
23	56	n/a
23	57	0.09204462366261827
23	58	0.15589802745933476
23	59	n/a
23	60	n/a
23	61	n/a
23	62	n/a
23	63	0.09599445247344243
23	64	n/a
23	65	n/a
23	66	n/a
23	67	n/a
23	68	n/a
23	69	0.11155999660134745
23	70	0.0936108039892571
23	71	n/a
23	72	0.13292674766513002
23	73	n/a
23	74	0.0025194053392013777
23	75	n/a
23	76	0.1591216215079957
23	77	0.0637162541628447
23	78	n/a
23	79	0.058396879529199794
23	80	n/a
23	81	0.1548029949538198
23	82	0.10237199015217553
23	83	0.05654778960025961
24	0	0.07556198060226049
24	1	n/a
24	2	n/a
24	3	n/a
24	4	0.06795903417689093
24	5	0.06319516355507487
24	6	0.04692883837241578
24	7	0.008189719999678827
24	8	n/a
24	9	0.15406615398936824
24	10	n/a
24	11	n/a
24	12	n/a
24	13	n/a
24	14	n/a
24	15	0.12178782944658459
24	16	0.05348122556240748
24	17	n/a
24	18	n/a
24	19	n/a
24	20	0.003161787796516376
24	21	0.0869687851080487
24	22	n/a
24	23	0.11633746382193323
24	24	n/a
24	25	n/a
24	26	0.02822534235437946
24	27	0.05291177550638106
24	28	n/a
24	29	0.14392619794197017
24	30	n/a
24	31	0.19934647692751972
24	32	0.053082703429591954
24	33	n/a
24	34	n/a
24	35	n/a
24	36	n/a
24	37	n/a
24	38	n/a
24	39	0.09285631966169065
24	40	n/a
24	41	n/a
24	42	0.06011481799264566
24	43	0.014854697061747309
24	44	0.11350095051289648
24	45	n/a
24	46	n/a
24	47	n/a
24	48	n/a
24	49	n/a
24	50	n/a
24	51	n/a
24	52	n/a
24	53	n/a
24	54	n/a
24	55	n/a
24	56	n/a
24	57	n/a
24	58	0.03038658289424318
24	59	n/a
24	60	n/a
24	61	n/a
24	62	n/a
24	63	n/a
24	64	n/a
24	65	0.039664981236804946
24	66	n/a
24	67	n/a
24	68	n/a
24	69	0.12471002309107365
24	70	n/a
24	71	n/a
24	72	0.04220044244804683
24	73	n/a
24	74	0.12427010989011372
24	75	n/a
24	76	0.1118335995252552
24	77	0.1552749566880016
24	78	n/a
24	79	n/a
24	80	n/a
24	81	n/a
24	82	0.03791132961578818
24	83	n/a
25	0	n/a
25	1	n/a
25	2	n/a
25	3	n/a
25	4	n/a
25	5	n/a
25	6	n/a
25	7	n/a
25	8	n/a
25	9	n/a
25	10	n/a
25	11	n/a
25	12	n/a
25	13	n/a
25	14	n/a
25	15	n/a
25	16	n/a
25	17	n/a
25	18	n/a
25	19	n/a
25	20	n/a
25	21	n/a
25	22	n/a
25	23	n/a
25	24	n/a
25	25	n/a
25	26	n/a
25	27	n/a
25	28	n/a
25	29	n/a
25	30	n/a
25	31	n/a
25	32	n/a
25	33	n/a
25	34	n/a
25	35	n/a
25	36	n/a
25	37	n/a
25	38	n/a
25	39	n/a
25	40	n/a
25	41	n/a
25	42	n/a
25	43	n/a
25	44	n/a
25	45	n/a
25	46	n/a
25	47	n/a
25	48	n/a
25	49	n/a
25	50	n/a
25	51	n/a
25	52	n/a
25	53	n/a
25	54	n/a
25	55	n/a
25	56	n/a
25	57	n/a
25	58	n/a
25	59	n/a
25	60	n/a
25	61	n/a
25	62	n/a
25	63	n/a
25	64	n/a
25	65	n/a
25	66	n/a
25	67	n/a
25	68	n/a
25	69	n/a
25	70	n/a
25	71	n/a
25	72	n/a
25	73	n/a
25	74	n/a
25	75	n/a
25	76	n/a
25	77	n/a
25	78	n/a
25	79	n/a
25	80	n/a
25	81	n/a
25	82	n/a
25	83	n/a
26	0	0.09061473385620418
26	1	n/a
26	2	n/a
26	3	n/a
26	4	n/a
26	5	n/a
26	6	0.043450839304520525
26	7	0.09550379905639371
26	8	n/a
26	9	0.10035316424414809
26	10	n/a
26	11	n/a
26	12	n/a
26	13	0.08566153901929008
26	14	n/a
26	15	0.02238040528775392
26	16	0.07606241314190856
26	17	n/a
26	18	n/a
26	19	n/a
26	20	0.03478690145813654
26	21	0.0719407380104349
26	22	n/a
26	23	0.07806624372837041
26	24	0.02822534235437946
26	25	n/a
26	26	0.02702084454647236
26	27	0.09258167684780864
26	28	n/a
26	29	0.08527503952728495
26	30	n/a
26	31	n/a
26	32	0.027179430125354422
26	33	n/a
26	34	0.128317241924059
26	35	n/a
26	36	n/a
26	37	n/a
26	38	0.10767629950801721
26	39	0.16311833083233593
26	40	n/a
26	41	n/a
26	42	0.11295415078865179
26	43	0.13744954854022304
26	44	0.08764925872533195
26	45	n/a
26	46	n/a
26	47	n/a
26	48	n/a
26	49	0.017845192935079576
26	50	n/a
26	51	n/a
26	52	n/a
26	53	n/a
26	54	n/a
26	55	0.0441398305873331
26	56	n/a
26	57	0.13877736074236943
26	58	0.04214945683616109
26	59	n/a
26	60	n/a
26	61	n/a
26	62	n/a
26	63	n/a
26	64	n/a
26	65	0.10041196091905254
26	66	n/a
26	67	n/a
26	68	n/a
26	69	0.07446794831540285
26	70	0.0759220576912201
26	71	n/a
26	72	0.06366641681452696
26	73	n/a
26	74	0.10200917407824392
26	75	n/a
26	76	0.048000391464048504
26	77	3.5822634798580614E-4
26	78	n/a
26	79	0.1088254985769988
26	80	n/a
26	81	n/a
26	82	0.07181767792085832
26	83	0.14020916654348656
27	0	0.15799722374852643
27	1	n/a
27	2	n/a
27	3	n/a
27	4	n/a
27	5	7.648230925018977E-4
27	6	0.0339447784279543
27	7	0.09529979378008496
27	8	n/a
27	9	n/a
27	10	n/a
27	11	0.04224372402842922
27	12	n/a
27	13	0.10720593023440968
27	14	n/a
27	15	n/a
27	16	0.05081402717846821
27	17	n/a
27	18	n/a
27	19	n/a
27	20	n/a
27	21	0.05563760419767199
27	22	n/a
27	23	0.021848644579060435
27	24	0.05291177550638106
27	25	n/a
27	26	0.09258167684780864
27	27	n/a
27	28	n/a
27	29	0.07827633195146048
27	30	n/a
27	31	0.046693219376263216
27	32	0.11671997616114062
27	33	n/a
27	34	0.1413748239298303
27	35	n/a
27	36	n/a
27	37	n/a
27	38	0.12135991067671126
27	39	0.15913637461699492
27	40	0.15012400756966804
27	41	n/a
27	42	0.09907305295559178
27	43	0.06947689928866531
27	44	0.13967627894629747
27	45	n/a
27	46	n/a
27	47	n/a
27	48	n/a
27	49	0.01614744857033997
27	50	n/a
27	51	n/a
27	52	0.13424546917644883
27	53	n/a
27	54	n/a
27	55	0.1392670699049972
27	56	n/a
27	57	0.09383475160944801
27	58	0.11189048325147158
27	59	n/a
27	60	n/a
27	61	n/a
27	62	n/a
27	63	0.023071521064915196
27	64	n/a
27	65	0.041741319289016955
27	66	n/a
27	67	n/a
27	68	n/a
27	69	0.1017738925606767
27	70	0.11333908827030255
27	71	n/a
27	72	0.1409006641813389
27	73	n/a
27	74	n/a
27	75	n/a
27	76	0.1599426963613299
27	77	0.09402325765713276
27	78	n/a
27	79	0.027101946251783113
27	80	n/a
27	81	0.13409656520845706
27	82	0.20072403780470155
27	83	0.14719635564511008
28	0	n/a
28	1	n/a
28	2	n/a
28	3	n/a
28	4	n/a
28	5	n/a
28	6	n/a
28	7	n/a
28	8	n/a
28	9	n/a
28	10	n/a
28	11	n/a
28	12	n/a
28	13	n/a
28	14	n/a
28	15	n/a
28	16	n/a
28	17	n/a
28	18	n/a
28	19	n/a
28	20	n/a
28	21	n/a
28	22	n/a
28	23	n/a
28	24	n/a
28	25	n/a
28	26	n/a
28	27	n/a
28	28	n/a
28	29	n/a
28	30	n/a
28	31	n/a
28	32	n/a
28	33	n/a
28	34	n/a
28	35	n/a
28	36	n/a
28	37	n/a
28	38	n/a
28	39	n/a
28	40	n/a
28	41	n/a
28	42	n/a
28	43	n/a
28	44	n/a
28	45	n/a
28	46	n/a
28	47	n/a
28	48	n/a
28	49	n/a
28	50	n/a
28	51	n/a
28	52	n/a
28	53	n/a
28	54	n/a
28	55	n/a
28	56	n/a
28	57	n/a
28	58	n/a
28	59	n/a
28	60	n/a
28	61	n/a
28	62	n/a
28	63	n/a
28	64	n/a
28	65	n/a
28	66	n/a
28	67	n/a
28	68	n/a
28	69	n/a
28	70	n/a
28	71	n/a
28	72	n/a
28	73	n/a
28	74	n/a
28	75	n/a
28	76	n/a
28	77	n/a
28	78	n/a
28	79	n/a
28	80	n/a
28	81	n/a
28	82	n/a
28	83	n/a
29	0	0.05249623582550145
29	1	n/a
29	2	n/a
29	3	n/a
29	4	0.09326695224508469
29	5	0.15356086170730684
29	6	0.07376167057135037
29	7	0.11016870210054708
29	8	n/a
29	9	0.041256535108944455
29	10	n/a
29	11	0.05976085258970701
29	12	n/a
29	13	0.12205090193517694
29	14	n/a
29	15	0.06413992364806066
29	16	0.06947681684725357
29	17	n/a
29	18	n/a
29	19	0.07001899171536274
29	20	0.01607390256796421
29	21	0.07990493148075808
29	22	n/a
29	23	0.11207591300201804
29	24	0.14392619794197017
29	25	n/a
29	26	0.08527503952728495
29	27	0.07827633195146048
29	28	n/a
29	29	n/a
29	30	n/a
29	31	0.06301817193766523
29	32	0.004936755870326265
29	33	n/a
29	34	n/a
29	35	n/a
29	36	n/a
29	37	n/a
29	38	0.08087528780073551
29	39	0.1017423921608738
29	40	n/a
29	41	n/a
29	42	n/a
29	43	0.041075262682305394
29	44	n/a
29	45	n/a
29	46	n/a
29	47	n/a
29	48	n/a
29	49	n/a
29	50	n/a
29	51	n/a
29	52	0.010725576502729962
29	53	n/a
29	54	n/a
29	55	n/a
29	56	n/a
29	57	0.07174930987097167
29	58	n/a
29	59	n/a
29	60	n/a
29	61	n/a
29	62	n/a
29	63	0.09596686755543432
29	64	n/a
29	65	n/a
29	66	n/a
29	67	n/a
29	68	n/a
29	69	0.02034762394722626
29	70	0.08440452138619058
29	71	n/a
29	72	n/a
29	73	n/a
29	74	0.006269084428459561
29	75	n/a
29	76	0.0057862809809818595
29	77	n/a
29	78	n/a
29	79	0.03655051489989482
29	80	n/a
29	81	n/a
29	82	0.008134095695623303
29	83	n/a
30	0	n/a
30	1	n/a
30	2	n/a
30	3	n/a
30	4	n/a
30	5	n/a
30	6	n/a
30	7	n/a
30	8	n/a
30	9	n/a
30	10	n/a
30	11	n/a
30	12	n/a
30	13	n/a
30	14	n/a
30	15	n/a
30	16	n/a
30	17	n/a
30	18	n/a
30	19	n/a
30	20	n/a
30	21	n/a
30	22	n/a
30	23	n/a
30	24	n/a
30	25	n/a
30	26	n/a
30	27	n/a
30	28	n/a
30	29	n/a
30	30	n/a
30	31	n/a
30	32	n/a
30	33	n/a
30	34	n/a
30	35	n/a
30	36	n/a
30	37	n/a
30	38	n/a
30	39	n/a
30	40	n/a
30	41	n/a
30	42	n/a
30	43	n/a
30	44	n/a
30	45	n/a
30	46	n/a
30	47	n/a
30	48	n/a
30	49	n/a
30	50	n/a
30	51	n/a
30	52	n/a
30	53	n/a
30	54	n/a
30	55	n/a
30	56	n/a
30	57	n/a
30	58	n/a
30	59	n/a
30	60	n/a
30	61	n/a
30	62	n/a
30	63	n/a
30	64	n/a
30	65	n/a
30	66	n/a
30	67	n/a
30	68	n/a
30	69	n/a
30	70	n/a
30	71	n/a
30	72	n/a
30	73	n/a
30	74	n/a
30	75	n/a
30	76	n/a
30	77	n/a
30	78	n/a
30	79	n/a
30	80	n/a
30	81	n/a
30	82	n/a
30	83	n/a
31	0	n/a
31	1	n/a
31	2	n/a
31	3	n/a
31	4	n/a
31	5	0.030895685184885675
31	6	0.16877138063882077
31	7	n/a
31	8	n/a
31	9	0.10554441816458043
31	10	n/a
31	11	0.027980004227276926
31	12	n/a
31	13	0.1440199872870284
31	14	n/a
31	15	0.07267355145336526
31	16	n/a
31	17	n/a
31	18	n/a
31	19	0.08587059982281244
31	20	0.08406491987999204
31	21	n/a
31	22	n/a
31	23	0.038408804822610464
31	24	0.19934647692751972
31	25	n/a
31	26	n/a
31	27	0.046693219376263216
31	28	n/a
31	29	0.06301817193766523
31	30	n/a
31	31	0.023619599155463373
31	32	0.04474149217082923
31	33	n/a
31	34	0.014397598503436497
31	35	n/a
31	36	n/a
31	37	n/a
31	38	n/a
31	39	0.10363740469086008
31	40	n/a
31	41	n/a
31	42	0.12671390582213127
31	43	0.04515789070703898
31	44	n/a
31	45	n/a
31	46	n/a
31	47	n/a
31	48	n/a
31	49	n/a
31	50	n/a
31	51	n/a
31	52	n/a
31	53	n/a
31	54	n/a
31	55	0.06776581298856364
31	56	n/a
31	57	0.06863248686215037
31	58	0.0618538994622575
31	59	n/a
31	60	n/a
31	61	n/a
31	62	n/a
31	63	n/a
31	64	n/a
31	65	n/a
31	66	n/a
31	67	n/a
31	68	n/a
31	69	0.031648924335364634
31	70	0.028384535289513367
31	71	n/a
31	72	0.0305991315387503
31	73	n/a
31	74	0.17173456514144123
31	75	n/a
31	76	0.07365415662719355
31	77	0.06506423775192467
31	78	n/a
31	79	n/a
31	80	n/a
31	81	n/a
31	82	0.03344482294185803
31	83	0.1013957614609764
32	0	n/a
32	1	n/a
32	2	n/a
32	3	n/a
32	4	n/a
32	5	0.06691303985056041
32	6	0.07878809199907054
32	7	0.024228141314939274
32	8	n/a
32	9	n/a
32	10	n/a
32	11	n/a
32	12	n/a
32	13	0.0027027954759158844
32	14	n/a
32	15	n/a
32	16	0.025660235751834102
32	17	n/a
32	18	n/a
32	19	n/a
32	20	0.04715648594328707
32	21	0.05919785120725465
32	22	n/a
32	23	0.1445935320698726
32	24	0.053082703429591954
32	25	n/a
32	26	0.027179430125354422
32	27	0.11671997616114062
32	28	n/a
32	29	0.004936755870326265
32	30	n/a
32	31	0.04474149217082923
32	32	n/a
32	33	n/a
32	34	n/a
32	35	n/a
32	36	n/a
32	37	n/a
32	38	0.15674984036886674
32	39	0.10345878364490868
32	40	n/a
32	41	n/a
32	42	0.0334814554671191
32	43	n/a
32	44	0.16837423146360286
32	45	n/a
32	46	n/a
32	47	n/a
32	48	n/a
32	49	n/a
32	50	n/a
32	51	n/a
32	52	n/a
32	53	n/a
32	54	n/a
32	55	0.0780997982310768
32	56	n/a
32	57	0.028493165598232187
32	58	0.09670798610257644
32	59	n/a
32	60	n/a
32	61	n/a
32	62	n/a
32	63	0.06859585484845956
32	64	n/a
32	65	0.01586061264307646
32	66	n/a
32	67	n/a
32	68	n/a
32	69	0.05835037478166127
32	70	n/a
32	71	n/a
32	72	n/a
32	73	n/a
32	74	0.08659225794185536
32	75	n/a
32	76	n/a
32	77	0.09322382975855284
32	78	n/a
32	79	n/a
32	80	n/a
32	81	0.08281425905229456
32	82	0.03910750490527869
32	83	0.06453634320937246
33	0	n/a
33	1	n/a
33	2	n/a
33	3	n/a
33	4	n/a
33	5	n/a
33	6	n/a
33	7	n/a
33	8	n/a
33	9	n/a
33	10	n/a
33	11	n/a
33	12	n/a
33	13	n/a
33	14	n/a
33	15	n/a
33	16	n/a
33	17	n/a
33	18	n/a
33	19	n/a
33	20	n/a
33	21	n/a
33	22	n/a
33	23	n/a
33	24	n/a
33	25	n/a
33	26	n/a
33	27	n/a
33	28	n/a
33	29	n/a
33	30	n/a
33	31	n/a
33	32	n/a
33	33	n/a
33	34	n/a
33	35	n/a
33	36	n/a
33	37	n/a
33	38	n/a
33	39	n/a
33	40	n/a
33	41	n/a
33	42	n/a
33	43	n/a
33	44	n/a
33	45	n/a
33	46	n/a
33	47	n/a
33	48	n/a
33	49	n/a
33	50	n/a
33	51	n/a
33	52	n/a
33	53	n/a
33	54	n/a
33	55	n/a
33	56	n/a
33	57	n/a
33	58	n/a
33	59	n/a
33	60	n/a
33	61	n/a
33	62	n/a
33	63	n/a
33	64	n/a
33	65	n/a
33	66	n/a
33	67	n/a
33	68	n/a
33	69	n/a
33	70	n/a
33	71	n/a
33	72	n/a
33	73	n/a
33	74	n/a
33	75	n/a
33	76	n/a
33	77	n/a
33	78	n/a
33	79	n/a
33	80	n/a
33	81	n/a
33	82	n/a
33	83	n/a
34	0	n/a
34	1	n/a
34	2	n/a
34	3	n/a
34	4	0.0671746111776639
34	5	0.12613250752127514
34	6	0.12358711097406838
34	7	0.18515274735136444
34	8	n/a
34	9	0.09264807598609873
34	10	n/a
34	11	n/a
34	12	n/a
34	13	n/a
34	14	n/a
34	15	0.053295586252214006
34	16	0.02130842615329059
34	17	n/a
34	18	n/a
34	19	n/a
34	20	0.034020013854048285
34	21	0.04003083153712999
34	22	n/a
34	23	0.04585872986840274
34	24	n/a
34	25	n/a
34	26	0.128317241924059
34	27	0.1413748239298303
34	28	n/a
34	29	n/a
34	30	n/a
34	31	0.014397598503436497
34	32	n/a
34	33	n/a
34	34	0.00901430998684662
34	35	n/a
34	36	n/a
34	37	n/a
34	38	0.14999474927153053
34	39	0.07969593297565514
34	40	0.15684933188382993
34	41	n/a
34	42	0.05709584729133947
34	43	0.09573641550006824
34	44	0.04506225459111277
34	45	n/a
34	46	n/a
34	47	n/a
34	48	n/a
34	49	0.1164885926309408
34	50	n/a
34	51	n/a
34	52	n/a
34	53	0.003116541063804997
34	54	n/a
34	55	0.0912155644260278
34	56	n/a
34	57	0.1488902307482342
34	58	0.031240598066879365
34	59	n/a
34	60	n/a
34	61	n/a
34	62	n/a
34	63	0.06951244137961661
34	64	n/a
34	65	0.004397164854874555
34	66	n/a
34	67	n/a
34	68	n/a
34	69	0.02516686710245561
34	70	n/a
34	71	n/a
34	72	0.04475265738773867
34	73	n/a
34	74	n/a
34	75	n/a
34	76	0.058253636133606033
34	77	0.005744683747844642
34	78	n/a
34	79	0.026542309419513712
34	80	n/a
34	81	0.03534342543199722
34	82	0.023348092893541863
34	83	n/a
35	0	n/a
35	1	n/a
35	2	n/a
35	3	n/a
35	4	n/a
35	5	n/a
35	6	n/a
35	7	n/a
35	8	n/a
35	9	n/a
35	10	n/a
35	11	n/a
35	12	n/a
35	13	n/a
35	14	n/a
35	15	n/a
35	16	n/a
35	17	n/a
35	18	n/a
35	19	n/a
35	20	n/a
35	21	n/a
35	22	n/a
35	23	n/a
35	24	n/a
35	25	n/a
35	26	n/a
35	27	n/a
35	28	n/a
35	29	n/a
35	30	n/a
35	31	n/a
35	32	n/a
35	33	n/a
35	34	n/a
35	35	n/a
35	36	n/a
35	37	n/a
35	38	n/a
35	39	n/a
35	40	n/a
35	41	n/a
35	42	n/a
35	43	n/a
35	44	n/a
35	45	n/a
35	46	n/a
35	47	n/a
35	48	n/a
35	49	n/a
35	50	n/a
35	51	n/a
35	52	n/a
35	53	n/a
35	54	n/a
35	55	n/a
35	56	n/a
35	57	n/a
35	58	n/a
35	59	n/a
35	60	n/a
35	61	n/a
35	62	n/a
35	63	n/a
35	64	n/a
35	65	n/a
35	66	n/a
35	67	n/a
35	68	n/a
35	69	n/a
35	70	n/a
35	71	n/a
35	72	n/a
35	73	n/a
35	74	n/a
35	75	n/a
35	76	n/a
35	77	n/a
35	78	n/a
35	79	n/a
35	80	n/a
35	81	n/a
35	82	n/a
35	83	n/a
36	0	n/a
36	1	n/a
36	2	n/a
36	3	n/a
36	4	n/a
36	5	n/a
36	6	n/a
36	7	n/a
36	8	n/a
36	9	n/a
36	10	n/a
36	11	n/a
36	12	n/a
36	13	n/a
36	14	n/a
36	15	n/a
36	16	n/a
36	17	n/a
36	18	n/a
36	19	n/a
36	20	n/a
36	21	n/a
36	22	n/a
36	23	n/a
36	24	n/a
36	25	n/a
36	26	n/a
36	27	n/a
36	28	n/a
36	29	n/a
36	30	n/a
36	31	n/a
36	32	n/a
36	33	n/a
36	34	n/a
36	35	n/a
36	36	n/a
36	37	n/a
36	38	n/a
36	39	n/a
36	40	n/a
36	41	n/a
36	42	n/a
36	43	n/a
36	44	n/a
36	45	n/a
36	46	n/a
36	47	n/a
36	48	n/a
36	49	n/a
36	50	n/a
36	51	n/a
36	52	n/a
36	53	n/a
36	54	n/a
