0   0   0.08504791171693883
0   1   0.0987530135641514
0   2   0.08745382083583535
0   3   -0.049770285084405265
0   4   -0.09806605181721223
0   5   0.04184728117206428
0   6   0.03179471178329788
0   7   0.1540303031568976
0   8   -0.0566538619377488
0   9   0.07813243585797679
0   10   0.021598587607035535
0   11   -0.1454351532705165
0   12   0.0016065168144700195
0   13   0.0767620917196433
0   14   -0.019272757588766846
0   15   0.17239594879503636
0   16   0.09489273215454472
0   17   -0.0007424455727082424
0   18   -0.15428135942582927
0   19   -0.14238763788351363
0   20   0.1164506720501794
0   21   0.06872937592990279
0   22   0.11204340739916135
0   23   0.05463591946948791
0   24   0.07556198060226049
0   25   0.02547599462592606
0   26   0.09061473385620418
0   27   0.15799722374852643
0   28   0.014229712973931849
0   29   0.05249623582550145
0   30   -0.06220339288829185
0   31   -0.09016648003731967
0   32   -0.0003806857909206492
0   33   0.1410169457976506
0   34   -0.18117599065420298
0   35   0.07034897706386661
0   36   0.0022287592855872577
0   37   0.0011514314022144994
0   38   0.04912846260388564
0   39   -0.03674243454314555
0   40   -0.03806083258671855
0   41   -0.09267560638103024
0   42   -0.034827610728180566
0   43   0.09897269274663244
0   44   0.11268938841322561
0   45   -0.11986802620176691
0   46   0.04404082076162642
0   47   -0.06962202382463616
0   48   -0.011229318256391552
0   49   0.06191598465297656
0   50   0.025386282604850062
0   51   -0.16663834849270437
0   52   0.023171980234528572
0   53   0.010915598170028743
0   54   -0.15452466958885672
0   55   -0.06664317487613909
0   56   0.17914900802647707
0   57   -0.06418443463127596
0   58   0.025777171694236642
0   59   0.03727623567391995
0   60   0.09645747705661623
0   61   -0.08396038866398829
0   62   -0.01429728886486939
0   63   -0.06800765441225362
0   64   -0.04892098558397863
0   65   -0.032141182006532286
0   66   0.0
0   67   0.023995866208209374
0   68   0.05656481388998892
0   69   0.02348479886480204
0   70   -0.10085008291345214
0   71   -0.0014119714783716948
0   72   -0.03996245863969174
0   73   -0.015024295981380153
0   74   -0.020291302524587745
0   75   -0.06576206333860343
0   76   0.016999240015158363
0   77   -0.04347479769122642
0   78   -0.08969328666219123
0   79   -0.1788363754980055
0   80   0.0
0   81   -0.04542253171022788
0   82   0.015369276963949189
0   83   -0.07156438788747055
1   0   0.0987530135641514
1   1   -0.00018601598923476888
1   2   0.03942963151542224
1   3   -0.026187679084492876
1   4   -0.11889147135759384
1   5   -0.040317635301425445
1   6   0.06350216014366612
1   7   0.033892933363181776
1   8   0.07668104784447662
1   9   -0.05046288105586206
1   10   -0.02078911185247288
1   11   -0.13644781074949222
1   12   -0.058772939478795576
1   13   -0.03820565943166857
1   14   -0.026680067192820598
1   15   0.07840256699420849
1   16   0.17537065073201966
1   17   0.026646337884776022
1   18   -0.015472284960658294
1   19   -0.017024966975047358
1   20   0.005249647005368389
1   21   0.09347244865063827
1   22   0.1258232685017
1   23   0.12300644755059274
1   24   -0.0027445742769372787
1   25   0.17297208668991754
1   26   0.014813890499168448
1   27   -0.023750636257995537
1   28   -0.10517140186005527
1   29   0.02715827927120909
1   30   0.006801171708124816
1   31   0.021546614408203855
1   32   0.04931202725120165
1   33   0.004124015963045239
1   34   -0.03552086815787405
1   35   0.10634517871684494
1   36   0.13342802828529776
1   37   0.12753716496961426
1   38   0.10047258617468569
1   39   -0.04563904739493195
1   40   0.10871628584073185
1   41   0.11356274238794377
1   42   -0.035108201300011244
1   43   0.02816555869618136
1   44   0.13502076039774125
1   45   0.19876377378785087
1   46   -0.01378989048602137
1   47   -0.003982462944681269
1   48   0.0017858792862636282
1   49   -0.16121612721497874
1   50   0.1212620936761774
1   51   0.0891439554432129
1   52   0.06929018472860898
1   53   -0.05233505971931609
1   54   -0.15541428526467058
1   55   -0.06879459847640494
1   56   0.11936167197400198
1   57   0.010762643734581122
1   58   0.03927057838475214
1   59   -0.00889216268602568
1   60   0.002131045072947773
1   61   0.10445275504692465
1   62   -0.05266895863723951
1   63   -0.17939701400019245
1   64   -0.05286710515742447
1   65   0.03170293957573416
1   66   0.0137549397934669
1   67   0.05679183692487908
1   68   -0.11631401571622196
1   69   -0.011778304942488146
1   70   -0.05666809938132426
1   71   0.04123142572579592
1   72   -0.09503650616066149
1   73   0.16364278001864213
1   74   0.09931873450961567
1   75   0.09800072027541212
1   76   -0.025902659663047268
1   77   0.11552202384177188
1   78   -0.04619631148578393
1   79   -0.20290151029945114
1   80   0.2322929007827349
1   81   0.017174873135137093
1   82   0.02702231855529501
1   83   -0.0484107038692365
2   0   0.08745382083583535
2   1   0.03942963151542224
2   2   0.09068190344361339
2   3   0.13767187112925383
2   4   0.053605740477585186
2   5   0.11262208681342427
2   6   0.08273203869676497
2   7   0.12893917894024318
2   8   -0.0815258479657102
2   9   0.13004921699111868
2   10   -0.04283366162766034
2   11   -0.045868730753339144
2   12   0.13565179208767036
2   13   0.09427806209893445
2   14   -0.005534756739404884
2   15   0.1832700417615986
2   16   0.08401231007585405
2   17   0.07947802157646287
2   18   0.17903626215503438
2   19   -0.026445592704998123
2   20   0.06930299763221583
2   21   0.19051798093935973
2   22   0.08084647048168661
2   23   0.0875458696256104
2   24   0.028257168107665213
2   25   0.12034369069763115
2   26   0.1227496701712548
2   27   0.09488324613802872
2   28   0.08669296038666782
2   29   0.11637500497202481
2   30   0.06607986300111765
2   31   0.060669882464542586
2   32   0.14803067682126497
2   33   0.15999233283050615
2   34   0.13296146257515773
2   35   0.09086168244987743
2   36   0.18000583613490773
2   37   0.11845306653718268
2   38   0.12834307316933594
2   39   0.12912503440446682
2   40   0.04853742447860507
2   41   0.06593270462352142
2   42   0.13173453776435506
2   43   0.18433278181483848
2   44   0.15668487330833208
2   45   0.10286445414980747
2   46   0.1822800537681409
2   47   -0.020929129751461013
2   48   0.06720813132974571
2   49   0.18137581020664853
2   50   0.18789652055020797
2   51   0.1398788460075718
2   52   0.09768670671176298
2   53   0.02330791689140198
2   54   -0.005519508648611815
2   55   -0.15310916473055927
2   56   0.23135001762439505
2   57   -0.022389513676861948
2   58   0.16689114857919018
2   59   -0.028896289767421438
2   60   -0.01227648683077364
2   61   0.15094986074413871
2   62   0.05462217505712669
2   63   0.041233594898711375
2   64   0.14268461320362497
2   65   0.10877024938990774
2   66   0.010819582876888192
2   67   0.005174715696525164
2   68   -0.0020838857414315496
2   69   0.06599678124917488
2   70   0.029409819908070015
2   71   0.16451515313933443
2   72   0.07585670138052457
2   73   0.19492754248105976
2   74   0.14258167349353096
2   75   0.12591663664380198
2   76   0.0707228282593532
2   77   0.15682248856104783
2   78   0.17851229022786405
2   79   0.042874803962141446
2   80   0.0
2   81   -0.04157837052293193
2   82   0.029096407449672165
2   83   0.09002594837823175
3   0   -0.049770285084405265
3   1   -0.026187679084492876
3   2   0.13767187112925383
3   3   0.10367791114068221
3   4   -0.004235357360567494
3   5   -0.011177560579263349
3   6   0.03766927643777983
3   7   0.10190887698311929
3   8   0.09473816581576662
3   9   -0.013252282338308507
3   10   0.07611651201095548
3   11   0.002082242011089593
3   12   0.009192074217564301
3   13   0.0546424416488829
3   14   0.049608397424669465
3   15   0.13741764093184247
3   16   0.06454629726232838
3   17   0.08032465699799174
3   18   0.12467089886657969
3   19   0.01765462545533911
3   20   0.08794190560180776
3   21   0.0047472588540622305
3   22   0.04473401832433537
3   23   0.088551742099975
3   24   -0.03309791484723579
3   25   -0.056399575520532284
3   26   0.013722051029871644
3   27   0.04028605274060634
3   28   0.18792005957713476
3   29   0.046476042322309
3   30   0.015941846318307435
3   31   -0.06586650567643595
3   32   -0.13797018565229247
3   33   -0.0005148582755186642
3   34   0.1240187324149969
3   35   0.11541490016975726
3   36   -0.08025618490276652
3   37   0.09266854256650894
3   38   -0.02341454211717078
3   39   0.16094192585469985
3   40   0.15941533441811662
3   41   -0.11628280970331306
3   42   0.03323907231901267
3   43   -0.0057666857253707016
3   44   0.1289042554070861
3   45   0.028062369466875133
3   46   0.07899661872755127
3   47   0.05352812181530096
3   48   0.08670462563440677
3   49   0.030591767343124514
3   50   0.0047221549030463114
3   51   0.24150717190272736
3   52   0.07782442072240192
3   53   -0.16178345402827457
3   54   0.024045736923887458
3   55   0.0926875628672366
3   56   0.1393626972757834
3   57   0.1073070383728262
3   58   0.043316836981806627
3   59   0.01970938758526589
3   60   0.28316876192674073
3   61   0.09297274795397344
3   62   0.029880055951037186
3   63   0.1475069093011971
3   64   0.027858472541124408
3   65   -0.04424040752748492
3   66   -0.02070973077464366
3   67   -0.11060249369690343
3   68   0.0222965115129754
3   69   0.014005781901887171
3   70   -0.03212707023959035
3   71   -0.0445257381648904
3   72   0.15247693869462992
3   73   0.07416625605937341
3   74   -0.15616949943338715
3   75   -0.10692692201452234
3   76   0.15874121585297307
3   77   -0.07654392315011928
3   78   -0.06232524539478042
3   79   0.0
3   80   -0.03519284900563883
3   81   -0.2025601398765714
3   82   -0.014932406777902377
3   83   0.12031226556419998
4   0   -0.09806605181721223
4   1   -0.11889147135759384
4   2   0.053605740477585186
4   3   -0.004235357360567494
4   4   -0.029245837257727093
4   5   0.16030392761371318
4   6   -0.07304589157786161
4   7   -0.11263043909020039
4   8   -0.08859057986782311
4   9   0.05245324999790091
4   10   -0.05916948578774521
4   11   -0.029660461090597324
4   12   0.11494912194345178
4   13   0.08834545559190314
4   14   0.08387636257042022
4   15   0.015122316566088596
4   16   0.15161260208588231
4   17   0.019055948515110718
4   18   -0.004040486313791977
4   19   -0.08007874249506132
4   20   -0.016613276443691524
4   21   -0.021829022378531654
4   22   -0.05338412163192782
4   23   0.1023019377351489
4   24   0.06795903417689093
4   25   0.00543680071204238
4   26   -0.08743861423901693
4   27   -0.10759734600930589
4   28   0.00022824823203270028
4   29   0.09326695224508469
4   30   -0.07769306948737945
4   31   -0.056180966630162525
4   32   -0.21165449214655188
4   33   -0.08024711350739332
4   34   0.0671746111776639
4   35   0.09860330802965529
4   36   0.08236833108032299
4   37   -0.0011492417602812096
4   38   0.009371049136562407
4   39   0.16136922609917165
4   40   -0.11335323558711755
4   41   -0.022184573138739363
4   42   -0.016422621339602626
4   43   0.03779933296252858
4   44   0.09466653600658556
4   45   0.0813160557795354
4   46   -0.029569824788955694
4   47   -0.08305230313816324
4   48   -0.1497772755215911
4   49   0.1268751376338275
4   50   0.15549830563931
4   51   -0.1321485618142201
4   52   0.07050105036984007
4   53   -0.10118565450489973
4   54   0.09163227924698018
4   55   -0.11216662937717686
4   56   0.05148788621139082
4   57   -0.003788513311739492
4   58   0.013440312526416951
4   59   0.0003738218551379729
4   60   -0.02325393645674987
4   61   -0.023495526437593145
4   62   -0.028930245099062814
4   63   0.1549865399182812
4   64   -0.17358568871926164
4   65   -0.059946440639388004
4   66   0.0
4   67   0.021457374484919533
4   68   -0.051683466937653286
4   69   -0.06268015514295475
4   70   -0.009068841435497499
4   71   -0.10958141273645756
4   72   -0.06430759671791385
4   73   -0.04179328340442507
4   74   -0.009285075868328468
4   75   -0.037900070740048294
4   76   0.05407393327316864
4   77   0.03426895811019938
4   78   0.03621271087235986
4   79   0.0
4   80   0.08789172687505876
4   81   -0.02070973077464367
4   82   -0.0309285010502475
4   83   -0.05456274995876071
5   0   0.04184728117206428
5   1   -0.040317635301425445
5   2   0.11262208681342427
5   3   -0.011177560579263349
5   4   0.16030392761371318
5   5   0.04613909059205935
5   6   0.0336382298496788
5   7   0.07287828241879596
5   8   0.13102377286357586
5   9   -0.0008403760602196745
5   10   0.14693200394639552
5   11   0.013230345340491199
5   12   -0.05331033232255797
5   13   0.025436477447524683
5   14   0.08404926146120512
5   15   -0.008549132645944358
5   16   0.1386446348603134
5   17   0.10635676910370573
5   18   0.055909059997718086
5   19   -0.0371784460139417
5   20   0.15311831245088633
5   21   -0.03406043781564181
5   22   0.11534068371715821
5   23   0.061542542983376275
5   24   0.06319516355507487
5   25   -0.053732673737067985
5   26   -0.020906988365335152
5   27   0.0007648230925018977
5   28   0.05632846088977114
5   29   0.15356086170730684
5   30   -0.06771355192129673
5   31   0.030895685184885675
5   32   0.06691303985056041
5   33   -0.07921600953627732
5   34   0.12613250752127514
5   35   0.011257823090915884
5   36   0.0705662939032863
5   37   0.06652964432881808
5   38   0.10343948349907232
5   39   0.10599499671377907
5   40   -0.007431950929655276
5   41   -0.08930847899172607
5   42   -0.04501814962278892
5   43   -0.04057208591197842
5   44   0.017985039537859692
5   45   0.060766038378459716
5   46   0.007747415447268327
5   47   0.13008462194252116
5   48   0.11155211043930369
5   49   0.061468587279417314
5   50   -0.0465588466346188
5   51   -0.017474303215031385
5   52   0.07353136563631829
5   53   -0.1144257922677355
5   54   0.027042525276755713
5   55   0.001843207529546894
5   56   0.12707641138926087
5   57   0.005054149902873289
5   58   0.07818369799948069
5   59   0.11040274144825347
5   60   0.04787028062338903
5   61   0.0633448555593386
5   62   0.06680932740134336
5   63   0.05147707704883803
5   64   -0.03367985216029915
5   65   -0.03480574608504731
5   66   0.12832632536472863
5   67   0.1970458486468431
5   68   0.00763243123802644
5   69   0.011011219661472811
5   70   -0.10196528250932216
5   71   0.016288503665958635
5   72   0.10715779231129102
5   73   -0.14145413170973706
5   74   -0.041758895375796495
5   75   0.13940729168716331
5   76   0.14590061620876643
5   77   0.13021867070573923
5   78   -0.016280863182151755
5   79   -0.06713316168369389
5   80   0.014524041013619066
5   81   0.07186557899677933
5   82   0.056325113000420826
5   83   0.04340700859923313
6   0   0.03179471178329788
6   1   0.06350216014366612
6   2   0.08273203869676497
6   3   0.03766927643777983
6   4   -0.07304589157786161
6   5   0.0336382298496788
6   6   0.04505504283282253
6   7   0.09769903388318979
6   8   0.12563215090647825
6   9   -0.041351912667925456
6   10   -0.10176929244535207
6   11   0.036084925617226524
6   12   -0.06446421831648559
6   13   0.09671390712920572
6   14   0.046850674163181366
6   15   -0.06327022798186652
6   16   0.0893545719918461
6   17   -0.02784746971858168
6   18   0.19659540262500577
6   19   -0.07146457071246737
6   20   0.09829444416309532
6   21   0.14046719060103788
6   22   0.10549194477147264
6   23   0.13305996836151257
6   24   0.04692883837241578
6   25   0.09228569590760476
6   26   0.043450839304520525
6   27   0.0339447784279543
6   28   0.14295717212818793
6   29   0.07376167057135037
6   30   -0.040737715534036725
6   31   0.16877138063882077
6   32   0.07878809199907054
6   33   0.10557952044676408
6   34   0.12358711097406838
6   35   0.10473283758943154
6   36   0.07597508867876719
6   37   0.13712806983105869
6   38   0.12435082412115361
6   39   0.12942774384468994
6   40   0.1774543727279645
6   41   -0.09099761145159468
6   42   0.056746614790032575
6   43   -0.015705142579124462
6   44   0.11936906929422349
6   45   -0.07557295688396211
6   46   0.05292625176228006
6   47   0.107060634026479
6   48   0.03461357973376609
6   49   0.09570327455492171
6   50   -0.06738420350412043
6   51   0.14634250916098976
6   52   0.09482472202429344
6   53   -0.04925347095164862
6   54   0.139925225714823
6   55   0.056193331518602285
6   56   0.13753860795714856
6   57   0.060990600015571446
6   58   0.0672297598980366
6   59   0.07873812922113797
6   60   0.06490879837893351
6   61   0.15657846885640136
6   62   0.1304368947305756
6   63   0.08817774667332595
6   64   -0.09950354494914607
6   65   0.0654245237400583
6   66   0.09336032702816464
6   67   -0.009572313388905958
6   68   0.07836226110572284
6   69   0.059670659493911246
6   70   -0.05242599745544977
6   71   -0.046177402371654006
6   72   0.1602368086900037
6   73   0.01578044880278554
6   74   -0.0917081843643481
6   75   0.05361385260902476
6   76   0.205626496067853
6   77   0.18418061459066096
6   78   0.051743125562028154
6   79   -0.11558571760866104
6   80   0.014327767028262642
6   81   -0.026588329183421112
6   82   0.13202575216092602
6   83   0.09572678322508976
7   0   0.1540303031568976
7   1   0.033892933363181776
7   2   0.12893917894024318
7   3   0.10190887698311929
7   4   -0.11263043909020039
7   5   0.07287828241879596
7   6   0.09769903388318979
7   7   -0.02921117662208425
7   8   0.020902207517561576
7   9   0.05446223631655262
7   10   -0.05201336171621652
7   11   0.13340418095765225
7   12   0.020868247947813574
7   13   0.09157661270239431
7   14   0.10392208546952948
7   15   0.10377788051060728
7   16   0.07754240050732178
7   17   0.1348382473793283
7   18   0.09855470303513854
7   19   0.10109172894297268
7   20   0.10659534909355592
7   21   0.10520887399988972
7   22   0.12058751616253643
7   23   0.14033306313355381
7   24   0.008189719999678827
7   25   0.1457438920207178
7   26   0.09550379905639371
7   27   0.09529979378008496
7   28   0.07479694948387215
7   29   0.11016870210054708
7   30   0.0005235137086816245
7   31   -0.02949577205004502
7   32   0.024228141314939274
7   33   -0.022669659404786244
7   34   0.18515274735136444
7   35   0.03099484576808863
7   36   0.04398799073071557
7   37   0.0584200581212266
7   38   0.14917439603566748
7   39   0.14717840934675724
7   40   0.028177797065995665
7   41   -0.07242437742308797
7   42   0.01719801477248916
7   43   0.15158519215789634
7   44   0.048244856341007426
7   45   0.026156878004854483
7   46   0.02902670913482742
7   47   0.1292803165573548
7   48   0.027918684528343722
7   49   -0.01758073607888029
7   50   0.10635726340407983
7   51   -0.0074524550172909996
7   52   -0.08511925699465032
7   53   -0.08691155269613218
7   54   -0.05799671230268062
7   55   0.053325348686580676
7   56   -0.06578611246386971
7   57   0.04572708511907238
7   58   -0.034565279347011
7   59   0.05677451883662416
7   60   0.08554219643667046
7   61   0.057160399816666416
7   62   -0.12051344863426075
7   63   0.1222224300743782
7   64   0.20118160768432503
7   65   0.10371140225969962
7   66   0.07463453750188191
7   67   0.01732119013278774
7   68   0.06700533623460486
7   69   -0.06519683134805697
7   70   -0.08463941246487808
7   71   -0.07181923051002531
7   72   0.06028143176315574
7   73   0.04581917980237902
7   74   0.04663576518181493
7   75   0.0686403813987451
7   76   0.1456157662957438
7   77   -0.10023055867397133
7   78   0.07932687917394933
7   79   -0.1343105464843993
7   80   -0.03707703503848954
7   81   -0.015577164859241682
7   82   -0.0017383963266484727
7   83   0.07212021762050207
8   0   -0.0566538619377488
8   1   0.07668104784447662
8   2   -0.0815258479657102
8   3   0.09473816581576662
8   4   -0.08859057986782311
8   5   0.13102377286357586
8   6   0.12563215090647825
8   7   0.020902207517561576
8   8   0.050832649122633744
8   9   0.1389011183714473
8   10   -0.0647382026762302
8   11   0.08511921876150651
8   12   0.0018173379743059972
8   13   0.12543867458605507
8   14   0.05234410411644446
8   15   0.00859903669056466
8   16   0.01185039327218304
8   17   0.03914921761323431
8   18   0.017269505276866087
8   19   0.015848445227402905
8   20   0.07646179401629688
8   21   0.0035610804867643444
8   22   0.00543532838887679
8   23   0.11056816952440086
8   24   0.08839803359398299
8   25   0.16469592937818942
8   26   0.044974605753877225
8   27   0.09748074909549521
8   28   0.1627380846413702
8   29   0.08122133302522494
8   30   0.07274097295625424
8   31   -0.018693643523437588
8   32   0.06526662406063198
8   33   0.22329314084537288
8   34   0.03196418949713127
8   35   0.09725423545279498
8   36   0.12128267018773614
8   37   0.17687304589894337
8   38   0.07768120202819716
8   39   -0.0395341290583631
8   40   -0.0966380923974851
8   41   -0.004254226117011893
8   42   0.07498995232399162
8   43   0.06397032595752425
8   44   0.08046696225410853
8   45   -0.07795317629023804
8   46   0.05816302948739689
8   47   -0.043125460972579084
8   48   -0.004504494164559978
8   49   0.012001159017655028
8   50   0.18013404894028037
8   51   0.053947606836169004
8   52   0.12838362687559796
8   53   0.02394200071825826
8   54   0.1326278592193795
8   55   0.0934281031353586
8   56   0.15774791729030296
8   57   0.008902731417731558
8   58   0.05402024455779571
8   59   0.013932650887548609
8   60   0.03791563468678644
8   61   0.13909708956389433
8   62   -0.14150404898561783
8   63   0.044032704224285915
8   64   -0.013418171420349356
8   65   -0.04745760280822288
8   66   0.0234363114649534
8   67   0.018091343378837024
8   68   -0.009138479212080674
8   69   -0.1066765000867705
8   70   0.04627412409201896
8   71   -0.04790977672610736
8   72   0.08171564437431567
8   73   0.25077867918870095
8   74   -0.007469972041109732
8   75   0.08941296923596304
8   76   0.11351370060090377
8   77   0.08051011854583479
8   78   -0.07605522593377995
8   79   0.041024240906882094
8   80   -0.06791486054829558
8   81   -0.009595998123368725
8   82   -0.059485194982004136
8   83   0.0751036001866863
9   0   0.07813243585797679
9   1   -0.05046288105586206
9   2   0.13004921699111868
9   3   -0.013252282338308507
9   4   0.05245324999790091
9   5   -0.0008403760602196745
9   6   -0.041351912667925456
9   7   0.05446223631655262
9   8   0.1389011183714473
9   9   -0.08974105922140779
9   10   0.05121263822947397
9   11   0.01845282196515948
9   12   0.0006536929125230987
9   13   -0.06001536581891895
9   14   0.010810651977188983
9   15   0.12330058478102292
9   16   0.012494237238347309
9   17   0.00514172839381805
9   18   -0.004753868714752319
9   19   -0.05199986277817223
9   20   0.018581725363635237
9   21   0.011440311059472982
9   22   0.03528254686435239
9   23   0.10363505894786708
9   24   0.15406615398936824
9   25   -0.02757765500627399
9   26   0.10035316424414809
9   27   -0.0449974609058522
9   28   0.03823333361954077
9   29   0.041256535108944455
9   30   -0.10705597387971798
9   31   0.10554441816458043
9   32   -0.08415894578009513
9   33   0.07201725027684491
9   34   0.09264807598609873
9   35   0.04136811382434818
9   36   0.037081339093138974
9   37   0.06063236718479005
9   38   0.1284977686652067
9   39   0.08528591953699609
9   40   0.07037025643670582
9   41   -0.06132011726282178
9   42   0.009418954196694135
9   43   -0.02387898922676905
9   44   0.05737297652556992
9   45   -0.06537177475327391
9   46   0.02945900938868488
9   47   0.022280523647797694
9   48   0.020472291019999353
9   49   0.06692098582387539
9   50   -0.045424825321380924
9   51   -0.08630692994875944
9   52   0.13671521021921426
9   53   -0.04325149505578867
9   54   -0.03829886295372085
9   55   0.10862247451263757
9   56   0.03606690831712542
9   57   0.14504271812765282
9   58   0.020115418031452177
9   59   -0.033221039294408186
9   60   0.033559588132329524
9   61   0.01935436416057209
9   62   0.17175074022932582
9   63   -0.004010933830475392
9   64   -0.19673620772254413
9   65   0.20006809034751558
9   66   -0.04377431186325039
9   67   0.11773403010892565
9   68   -0.009541566821566141
9   69   0.03227594575534495
9   70   0.055877453084085135
9   71   -0.08962276682846061
9   72   0.15744675794704963
9   73   0.030484860725400728
9   74   0.06203243627162812
9   75   -0.01770051034101456
9   76   0.1224842648855033
9   77   0.17879278194924558
9   78   -0.1338073845723957
9   79   0.0
9   80   0.04021634995479096
9   81   0.002360838914319819
9   82   -0.036898119974585836
9   83   -0.015252621441698356
10   0   0.021598587607035535
10   1   -0.02078911185247288
10   2   -0.04283366162766034
10   3   0.07611651201095548
10   4   -0.05916948578774521
10   5   0.14693200394639552
10   6   -0.10176929244535207
10   7   -0.05201336171621652
10   8   -0.0647382026762302
10   9   0.05121263822947397
10   10   0.050350566500234464
10   11   0.04198081253417649
10   12   -0.0804400582470107
10   13   0.10219984809080124
10   14   0.027193759867131587
10   15   0.0946311615211698
10   16   0.09830407113822595
10   17   0.07067495293453215
10   18   0.10596057197514865
10   19   0.16413591194869048
10   20   -0.14625194903739072
10   21   -0.12951750893174416
10   22   -0.009596087299885103
10   23   -0.011459450669254329
10   24   0.1016438770069506
10   25   0.16183355573216812
10   26   0.13939470017632136
10   27   0.02728850700902409
10   28   0.25381603794468643
10   29   0.12929244994349623
10   30   -0.12016939936964047
10   31   0.16045642557277512
10   32   -0.06875110331234784
10   33   0.1196784719978082
10   34   -0.004976116744155577
10   35   0.000861025307702119
10   36   0.02415023325298566
10   37   0.06876532322855804
10   38   0.014052416306355614
10   39   0.17757835973205172
10   40   -0.024101926520610457
10   41   0.06219768030584096
10   42   0.0451727421475741
10   43   -0.03443416658820323
10   44   -0.009751427882924988
10   45   0.3033494978245927
10   46   0.1567803779673309
10   47   -0.07973993266937347
10   48   0.06408810617876505
10   49   0.008262375803384726
10   50   0.01895838305086004
10   51   -0.03882139960609393
10   52   0.1798438097739367
10   53   -0.004758563852644996
10   54   0.09622291889509837
10   55   0.13548412109877297
10   56   -0.022919929491225913
10   57   0.11375462802776333
10   58   0.005413731769416031
10   59   0.050615773209674336
10   60   -0.057801431976776826
10   61   0.2369942628753824
10   62   -0.022648120927802818
10   63   -0.019502593117180698
10   64   0.046522718670224734
10   65   0.20642744963544105
10   66   0.17053483543327427
10   67   0.10602318225750328
10   68   0.04657500500361845
10   69   0.20992793502868484
10   70   0.1419278973267158
10   71   -0.021803387417312543
10   72   0.1658117827694102
10   73   0.12376715175047671
10   74   0.14960488805216626
10   75   0.17660291776998288
10   76   -0.037630267097724844
10   77   0.10463296176661308
10   78   -0.09344944257712963
10   79   -0.10456689831132061
10   80   0.2264555083953734
10   81   -0.026776834846892906
10   82   0.07812936628010185
10   83   0.045049596332627805
11   0   -0.1454351532705165
11   1   -0.13644781074949222
11   2   -0.045868730753339144
11   3   0.002082242011089593
11   4   -0.029660461090597324
11   5   0.013230345340491199
11   6   0.036084925617226524
11   7   0.13340418095765225
11   8   0.08511921876150651
11   9   0.01845282196515948
11   10   0.04198081253417649
11   11   -0.024405442887338948
11   12   0.05260354227203954
11   13   0.07243153576587982
11   14   0.048164645851344
11   15   0.14668069107739945
11   16   0.018041368811963453
11   17   0.02488401383288992
11   18   0.0567331024173649
11   19   -0.025185692356718237
11   20   -0.046338887145868306
11   21   -0.0019480830979214372
11   22   0.027421736068696606
11   23   0.04343021453826076
11   24   -0.028074299382949235
11   25   -0.058917281154594055
11   26   -0.0032675266156132234
11   27   0.04224372402842922
11   28   0.06938849061207453
11   29   0.05976085258970701
11   30   -0.18842966273210057
11   31   0.027980004227276926
11   32   -0.014852650825416468
11   33   0.12006964720739897
11   34   -0.08194883573551494
11   35   0.05354866547413934
11   36   -0.13702107237677147
11   37   0.06794836491956073
11   38   -0.026729461805102755
11   39   -0.01949194773592765
11   40   0.14709445530172696
11   41   0.011118591483892139
11   42   0.024201679265630698
11   43   -0.01862307864851521
11   44   -0.12817513599761263
11   45   -0.2306809855519774
11   46   -0.008481103078643979
11   47   0.06280888958008946
11   48   -0.0036508060671236937
11   49   -0.03479229466588469
11   50   -0.15185002196983097
11   51   -0.044999487817967476
11   52   0.05160785251748793
11   53   -0.14458934368638193
11   54   -0.07831370151957796
11   55   0.17378025061717123
11   56   -0.031287307157915556
11   57   -0.035017416931356266
11   58   0.07130272975755206
11   59   -0.001858659690765929
11   60   0.014483631892020673
11   61   0.09165315732782515
11   62   0.05159943505577626
11   63   0.14884185401316594
11   64   -0.1130859006394015
11   65   0.03120519401682628
11   66   0.0
11   67   -0.1027000053140268
11   68   -0.007061755696585992
11   69   0.07744032320586425
11   70   -0.021083251132398027
11   71   -0.03667755056921935
11   72   0.12166771157258208
11   73   -0.14144191213080767
11   74   -0.012808376832017956
11   75   0.10285357553171905
11   76   0.16240964783419728
11   77   0.07301193852005368
11   78   -0.11819555575321528
11   79   -0.1275552134337177
11   80   -0.0799499040963742
11   81   0.13975665492722572
11   82   0.09715380174258824
11   83   0.06608175092680559
12   0   0.0016065168144700195
12   1   -0.058772939478795576
12   2   0.13565179208767036
12   3   0.009192074217564301
12   4   0.11494912194345178
12   5   -0.05331033232255797
12   6   -0.06446421831648559
12   7   0.020868247947813574
12   8   0.0018173379743059972
12   9   0.0006536929125230987
12   10   -0.0804400582470107
12   11   0.05260354227203954
12   12   -0.07678391420512641
12   13   -0.04195521913304382
12   14   -0.026708450388598048
12   15   0.14945129921590491
12   16   0.06024925763030232
12   17   0.06929809312012755
12   18   -0.1442421463500212
12   19   -0.04457692802678563
12   20   -0.03893025833579385
12   21   0.004689606850407404
12   22   0.12697117477350475
12   23   0.12195529233813032
12   24   -0.040448503877287455
12   25   -0.03172135457913291
12   26   -0.08422752401672993
12   27   0.02528611420694735
12   28   -0.04060155635506812
12   29   -0.025802512887153618
12   30   -0.005094427718589468
12   31   0.009514099813571
12   32   -0.08146926270321075
12   33   -0.009402792831858395
12   34   0.053324249831905576
12   35   0.0065880038389457595
12   36   0.05554408355974777
12   37   0.012141019852589675
12   38   0.1826345078782996
12   39   0.00769987956172139
12   40   0.03769501610032782
12   41   -0.07030757578953437
12   42   0.007302315019803243
12   43   0.04178391699525777
12   44   -0.05538134726766935
12   45   0.06530373398273992
12   46   0.07352085442342152
12   47   0.05326904327081289
12   48   -0.05742844571508548
12   49   0.10095169800863757
12   50   -0.011648297605483648
12   51   0.06321235861978802
12   52   0.0186742707197742
12   53   0.025064703686353596
12   54   -0.04455201487915244
12   55   0.09918807798711085
12   56   -0.026679050742832323
12   57   0.06911030832657122
12   58   -0.06147620000169479
12   59   0.09275006763917719
12   60   -0.03015512864126462
12   61   0.17543498594206083
12   62   -0.05985157833563692
12   63   0.004794840376790883
12   64   0.05419760116199842
12   65   -0.07174673772954093
12   66   0.213573228437676
12   67   0.11618093057924575
12   68   -0.08492758904354784
12   69   0.20792270597960716
12   70   0.010041689465068464
12   71   0.2365008914823981
12   72   0.09359572491405051
12   73   0.08739922870153949
12   74   0.13956228019462288
12   75   0.13933285752488744
12   76   0.032030830081693974
12   77   0.04154209579172923
12   78   -0.10117027177057676
12   79   -0.11672249321830182
12   80   -0.05344425380495709
12   81   0.09005505915369907
12   82   0.11190352736089662
12   83   0.007964451036413278
13   0   0.0767620917196433
13   1   -0.03820565943166857
13   2   0.09427806209893445
13   3   0.0546424416488829
13   4   0.08834545559190314
13   5   0.025436477447524683
13   6   0.09671390712920572
13   7   0.09157661270239431
13   8   0.12543867458605507
13   9   -0.06001536581891895
13   10   0.10219984809080124
13   11   0.07243153576587982
13   12   -0.04195521913304382
13   13   0.11774512062549679
13   14   0.04968921609351863
13   15   0.11910402025455803
13   16   0.08406939218180166
13   17   0.011290198183989431
13   18   0.08856056860761727
13   19   0.07257384748766575
13   20   0.11107542000123242
13   21   -0.04934772590273405
13   22   0.11997709555708284
13   23   0.14723137852978196
13   24   -0.10316731666744598
13   25   0.11685087933707693
13   26   0.08566153901929008
13   27   0.10720593023440968
13   28   0.011280253079448613
13   29   0.12205090193517694
13   30   -0.07312860032157367
13   31   0.1440199872870284
13   32   0.0027027954759158844
13   33   0.018442499860500026
13   34   -0.13816458196033113
13   35   0.031184435113056252
13   36   -0.027342966681373943
13   37   0.05374989422284851
13   38   0.0775962345236093
13   39   0.0562400253237991
13   40   -0.02351506552862967
13   41   -0.015589818024829283
13   42   0.11147716962410292
13   43   0.09392913984952861
13   44   -0.06934214168227874
13   45   0.04424167276443473
13   46   0.10184056989541472
13   47   0.08625713565377018
13   48   -0.044714190035040985
13   49   -0.03308822746302345
13   50   0.031103353814805338
13   51   0.10088469429000078
13   52   0.03611903866711149
13   53   0.08706777841960443
13   54   0.01981359358058041
13   55   0.07478148625700647
13   56   -0.030869002530319982
13   57   0.16762157131343175
13   58   0.09871562408935565
13   59   0.06502084391208134
13   60   -0.07773049147247785
13   61   0.06326147403738339
13   62   0.08445895075174333
13   63   0.005426676867719381
13   64   0.1012855013701987
13   65   0.09684548051826082
13   66   -0.03869970031122744
13   67   0.07291538582215179
13   68   -0.03965267665568596
13   69   0.02060818507807512
13   70   0.0621990759703639
13   71   0.017070555700085772
13   72   0.12005519213599125
13   73   0.013521306430345988
13   74   -0.008539356560478998
13   75   0.011580715651351244
13   76   0.147316194945691
13   77   0.15358257212120566
13   78   0.015887249164819567
13   79   0.15546587484995128
13   80   0.004350865116003812
13   81   0.07476211018194825
13   82   0.07138563862380183
13   83   0.09171681137744571
14   0   -0.019272757588766846
14   1   -0.026680067192820598
14   2   -0.005534756739404884
14   3   0.049608397424669465
14   4   0.08387636257042022
14   5   0.08404926146120512
14   6   0.046850674163181366
14   7   0.10392208546952948
14   8   0.05234410411644446
14   9   0.010810651977188983
14   10   0.027193759867131587
14   11   0.048164645851344
14   12   -0.026708450388598048
14   13   0.04968921609351863
14   14   0.12761974926540123
14   15   0.06990841246935549
14   16   0.002403105557821045
14   17   0.021299300519134916
14   18   -0.03566730833674931
14   19   -0.06696064199096761
14   20   0.04641028385666798
14   21   0.08445350464637844
14   22   0.04461066233531636
14   23   0.033184489873176036
14   24   0.022938830966773602
14   25   0.12210106664099943
14   26   0.08453249979867157
14   27   0.08282224003734627
14   28   0.19543181423444805
14   29   -0.12294950230406587
14   30   -0.10552177183082302
14   31   0.14153546334841002
14   32   0.051905285789397626
14   33   0.041637988475968425
14   34   0.038246245712184074
14   35   0.0405818939760167
14   36   0.11166297554153742
14   37   0.12024988791588591
14   38   0.03829428325986645
14   39   0.10700723030894059
14   40   -0.1146115563687443
14   41   -0.02213944331379751
14   42   0.04459187356938606
14   43   0.017518712015536637
14   44   0.008169014697525831
14   45   -0.017551411165221648
14   46   -0.050701302005114024
14   47   -0.001643215780667833
14   48   0.0016018586295054426
14   49   0.07896250145722537
14   50   -0.07812430930712037
14   51   -0.0808825464731527
14   52   0.1308876743313892
14   53   -0.007413268226093694
14   54   0.08572764851038156
14   55   0.021213452500072647
14   56   0.08136432476774275
14   57   0.04155135242737475
14   58   0.12062963224784426
14   59   0.10272024016693608
14   60   -0.03252736709316017
14   61   0.016252693323886357
14   62   0.03109366297242726
14   63   0.11587641093647905
14   64   -0.02358979096267164
14   65   0.14339756443072557
14   66   -0.14949253894385833
14   67   -0.15270123797969762
14   68   0.023672807259144585
14   69   0.04189209922604776
14   70   -0.07249446715997425
14   71   0.056512773413879565
14   72   0.13268496284339598
14   73   0.09390746409321554
14   74   -0.17348718793167206
14   75   -3.119998141306379e-05
14   76   0.11792022501072104
14   77   -0.01866342266296154
14   78   -0.06742813467485965
14   79   -0.08298101144321231
14   80   -0.12002163213469172
14   81   0.045890202537221064
14   82   0.23994903342377122
14   83   0.14145450756641006
15   0   0.17239594879503636
15   1   0.07840256699420849
15   2   0.1832700417615986
15   3   0.13741764093184247
15   4   0.015122316566088596
15   5   -0.008549132645944358
15   6   -0.06327022798186652
15   7   0.10377788051060728
15   8   0.00859903669056466
15   9   0.12330058478102292
15   10   0.0946311615211698
15   11   0.14668069107739945
15   12   0.14945129921590491
15   13   0.11910402025455803
15   14   0.06990841246935549
15   15   -0.05163984293581935
15   16   0.06660883353392805
15   17   0.05086592419841081
15   18   -0.15738935142110674
15   19   0.06877862109460932
15   20   -0.005259981877582042
15   21   0.07177352806326844
15   22   -0.12030956903167804
15   23   0.04318240236271382
15   24   0.12178782944658459
15   25   0.07167908482198719
15   26   0.02238040528775392
15   27   -0.01092245037319578
15   28   0.013067819646324705
15   29   0.06413992364806066
15   30   -0.04459189547086694
15   31   0.07267355145336526
15   32   -0.04212573661862076
15   33   0.097833871751092
15   34   0.053295586252214006
15   35   0.07374499272920539
15   36   0.06649693646393273
15   37   0.1094062216795664
15   38   -0.00803684911845934
15   39   0.08653915028392536
15   40   0.05376411266587443
15   41   -0.014232308344176887
15   42   0.012279655533143724
15   43   0.09607228183202333
15   44   0.08512699191815021
15   45   0.013890580206122004
15   46   0.0269217059436926
15   47   0.06963930246638453
15   48   0.021457374484919554
15   49   0.10853502831088616
15   50   0.1684509957644775
15   51   0.10161342752592298
15   52   0.03632807509825711
15   53   -0.0223936274405265
15   54   0.018222681729025175
15   55   0.12991918852813722
15   56   -0.05564859197100708
15   57   -0.033067612750741195
15   58   -0.07228637999492694
15   59   0.15690451127946994
15   60   -0.04813627546956985
15   61   0.08617935102367712
15   62   0.0021153796534260014
15   63   -0.11765254434704318
15   64   0.07057731754855258
15   65   -0.04688620034034746
15   66   0.03683360145496634
15   67   0.039953065336694044
15   68   -0.07499254430718082
15   69   0.0963984268024924
15   70   0.09239475007323236
15   71   0.11337499744744857
15   72   0.08998424385246327
15   73   0.10797427672498196
15   74   -0.11877487378739918
15   75   0.1253020245275179
15   76   0.11429928035997099
15   77   -0.00991837222888213
15   78   -0.024915442489801758
15   79   0.051845298239792385
15   80   0.021457374484919568
15   81   -0.09649319175258808
15   82   -0.04266265518952466
15   83   -0.09466011684806498
16   0   0.09489273215454472
16   1   0.17537065073201966
16   2   0.08401231007585405
16   3   0.06454629726232838
