0   0   -0.07513828278273624
0   1   0.022457762395555737
0   2   -0.17759038350698164
0   3   -0.04152991150523785
0   4   0.009746644687257932
0   5   -0.1881141462236272
0   6   -0.12530953201014333
0   7   -0.10332368776147603
0   8   -0.06741304861827915
0   9   0.009412715806443171
0   10   -0.049145408001746826
0   11   -0.07599959202739473
0   12   0.050323835206442354
0   13   -0.07019638800903194
0   14   -0.005510797367983371
0   15   0.03095634271295746
0   16   -0.17634892148338607
0   17   -0.03822301253779506
0   18   -0.09394390728549977
0   19   0.025393847684671792
0   20   -0.12423319112076238
0   21   -0.0981206278342226
0   22   -0.18126615479931962
0   23   -0.025442848960265475
0   24   -0.12698432259155623
0   25   -0.07501602847325956
0   26   -0.11195301863198737
0   27   -0.024068220720810416
0   28   -0.05828096777898052
0   29   -0.04217870103086845
0   30   0.05197410386613195
0   31   -0.007393069998893144
0   32   -0.073966886926031
0   33   -0.1155487716687301
0   34   0.15748211563199316
0   35   -0.026605867263768682
0   36   -0.10305556010673861
0   37   -0.07612226471005483
0   38   0.049168800108159806
0   39   -0.08561390086753878
0   40   0.05151835729223589
0   41   -0.04199924296204432
0   42   -0.12530415055526237
0   43   -0.10588574041373164
0   44   0.006971938654391977
0   45   -0.13153530146878534
0   46   -0.09101268124067832
0   47   0.04964129014997774
0   48   0.01644042862222301
0   49   0.002076344653206984
0   50   -0.08578999372728013
0   51   -0.040460015699970237
0   52   -0.10191719502134385
0   53   -0.1595561770600758
0   54   -0.020137127899300573
0   55   0.001207327018060474
0   56   -0.0032556560770703306
0   57   -0.05973870526687657
0   58   -0.009565508570187283
0   59   -0.1289668759886815
0   60   -0.12536284711870413
0   61   -0.032770460911524676
0   62   -0.028915370967210474
0   63   0.11404391211041097
0   64   -0.10389856361205503
0   65   -0.013420543001922936
0   66   0.0
0   67   -0.02248113746195656
0   68   0.0075354694029679216
0   69   -0.006836664519776333
0   70   0.08640819517701115
0   71   -0.005043429188191634
0   72   0.009552947994307656
0   73   -0.12104630056461796
0   74   -0.1319593858311501
0   75   0.046615347398099354
0   76   0.07557590118151765
0   77   -0.08511487096811728
0   78   -0.094863437359227
0   79   0.16445176420844398
0   80   0.0
0   81   0.02090809809340163
0   82   -0.06215858846767432
0   83   -0.004096167129013184
1   0   0.022457762395555737
1   1   -0.0026894940744195996
1   2   0.2153172247117174
1   3   -0.05785626318920061
1   4   0.02233778848233277
1   5   -0.05254761391632014
1   6   -0.024571032928977287
1   7   0.03844243867574148
1   8   -0.06871436896860138
1   9   -0.07287193629259078
1   10   -0.06448473331799151
1   11   -0.014847850091415047
1   12   0.0010034644136032163
1   13   -0.0725235839693793
1   14   -0.0231553735517768
1   15   -0.13296311450190382
1   16   -0.036537819239891245
1   17   0.06376306805313181
1   18   -0.16967330260421004
1   19   0.02490534606099989
1   20   -0.059471484910657416
1   21   -0.10696430863497684
1   22   -0.07009131400102811
1   23   -0.0752093568808546
1   24   0.018246756788380523
1   25   -0.016650038850784095
1   26   -0.09876989488336561
1   27   0.04435806188528261
1   28   0.0508213193282913
1   29   0.06966808254674232
1   30   -0.02447984019935064
1   31   0.07173939098139007
1   32   0.126218582665071
1   33   -0.15007838402905585
1   34   -0.03227303641435741
1   35   -0.05386275172501243
1   36   -0.06079681362283666
1   37   -0.046880003056950836
1   38   -0.005257739485502898
1   39   -0.11185825629034955
1   40   -0.10673768610598733
1   41   0.07512272430970944
1   42   -0.1570313281853109
1   43   -0.02535982602124437
1   44   0.01867826922444951
1   45   -0.04983519196501893
1   46   0.030181764722297597
1   47   -0.003417353354638693
1   48   -0.00273939247659413
1   49   -0.04209147820875618
1   50   -0.011246724979763553
1   51   -0.07445838700716369
1   52   -0.04578740168457061
1   53   -0.08911966808865876
1   54   -0.12161470556278545
1   55   -0.08956766788336196
1   56   -0.1315131205066101
1   57   0.01640411982460561
1   58   0.05509402412547436
1   59   -0.03334896361250551
1   60   -0.06396065165204434
1   61   -0.008946776767596582
1   62   -0.18377669607989022
1   63   0.024045512477952728
1   64   -0.13138092414743757
1   65   -0.14474868043679512
1   66   -0.005224108237539981
1   67   0.021070783531713433
1   68   -0.025585946952579076
1   69   -0.001484945436563258
1   70   -0.17193881794119534
1   71   -0.1122039945611771
1   72   -0.0905464499236279
1   73   0.07156409067543765
1   74   -0.03452588887509404
1   75   -0.06403993171828284
1   76   -0.03374275461824106
1   77   -0.09387240422481576
1   78   -0.06666253453355099
1   79   -0.08740156438547744
1   80   0.12218985882559358
1   81   0.10844555467138804
1   82   -0.054112520830693484
1   83   -0.04372494281942465
2   0   -0.17759038350698164
2   1   0.2153172247117174
2   2   -0.10450552683900732
2   3   -0.1256783132585751
2   4   0.0223543355909991
2   5   -0.1463322717361221
2   6   -0.15103718777477293
2   7   -0.13141472203366486
2   8   -0.004301764144243068
2   9   -0.1364399379585251
2   10   -0.0956042674534753
2   11   -0.04336796116604322
2   12   -0.10350904368591037
2   13   -0.1588738516436203
2   14   -0.07136706388896022
2   15   0.07223952963271094
2   16   -0.1163805201434259
2   17   -0.1239771056602703
2   18   -0.16622776402756456
2   19   -0.08405795948730803
2   20   -0.09410143504052546
2   21   -0.018253511122735107
2   22   -0.11937636981948216
2   23   -0.0395389416053069
2   24   -0.10869383491039233
2   25   -0.09833365409534094
2   26   -0.02333152098049182
2   27   -0.09346631955413283
2   28   -0.12994857980399166
2   29   -0.10782351671708669
2   30   -0.15759568750017403
2   31   0.06793219203021976
2   32   -0.10640343740092238
2   33   -0.14952929750859273
2   34   0.003690495065982012
2   35   -0.13509530910621126
2   36   -0.1162304678428971
2   37   -0.1737360485754362
2   38   0.017650254128266464
2   39   -0.09260174299644987
2   40   0.021551120381265755
2   41   0.057677103428154845
2   42   -0.1685190496867047
2   43   -0.08295742261918283
2   44   -0.15003025154074526
2   45   -0.1335496624378416
2   46   0.04640369167575048
2   47   -0.04752309652353583
2   48   -0.0059883194080589215
2   49   -0.10869100545045109
2   50   -0.06748647044797175
2   51   -0.1391052767602685
2   52   -0.10207184617212345
2   53   -0.11283002144661257
2   54   -0.02723765647353501
2   55   -0.12240632061547022
2   56   -0.22148772552619184
2   57   0.1735887156351015
2   58   -0.04302857261758555
2   59   -0.1284529362156359
2   60   -0.046587989204299345
2   61   -0.08147891080389433
2   62   0.0672836814497442
2   63   0.06314184651349089
2   64   -0.08016443040150492
2   65   -0.10625950046560427
2   66   -0.13856930682828097
2   67   -0.11582468070491776
2   68   -0.09223375248063044
2   69   -0.18935053070772848
2   70   -0.12969030834724635
2   71   -0.13953385847901295
2   72   -0.14234835911634214
2   73   0.1940825764707089
2   74   -0.14723351573347146
2   75   -0.11846642605867243
2   76   -0.18789056688792968
2   77   -0.06621614090762094
2   78   0.017593062452890926
2   79   -0.01233652060414229
2   80   0.0
2   81   -0.1060580229040852
2   82   -0.07259457790825688
2   83   -0.09180173767523951
3   0   -0.04152991150523785
3   1   -0.05785626318920061
3   2   -0.1256783132585751
3   3   -0.13636713877746529
3   4   -0.05824807440726023
3   5   -0.06720243140025477
3   6   -0.0889510222022727
3   7   -0.07079508107699112
3   8   -0.050022805072035
3   9   -0.07899602160469305
3   10   -0.05162729278659093
3   11   -0.12226264842871645
3   12   0.06259758433366529
3   13   0.00583090245938774
3   14   -0.06162553142319064
3   15   -0.08839365678972749
3   16   -0.0875899797928271
3   17   -0.11662632662070471
3   18   -0.08903372971054153
3   19   -0.13785998060326413
3   20   -0.04904015684661253
3   21   -0.1961555324260085
3   22   -0.020549661598559647
3   23   -0.0652269808720566
3   24   0.06122737693362463
3   25   -0.010398815099643051
3   26   0.02362358023986658
3   27   -0.05850641040396215
3   28   -0.00668818905455149
3   29   -0.03471048675658662
3   30   0.04335961754179737
3   31   -0.0004263997136935891
3   32   -0.050435846047607126
3   33   0.013426942314764143
3   34   0.22491314803292928
3   35   -0.12737026821700734
3   36   -0.08019365664726914
3   37   -0.055959068078852044
3   38   -0.043383311410827456
3   39   -0.079455950234779
3   40   0.027416883810930135
3   41   -0.026935204698402312
3   42   -0.08597540487611713
3   43   0.004409851643320441
3   44   0.025853953523224647
3   45   0.001982784868699524
3   46   -0.04034068750070596
3   47   0.09734605327730822
3   48   0.09659479009650924
3   49   0.10860234437577575
3   50   0.005094824633579447
3   51   -0.13091372190143225
3   52   -0.01995601101750299
3   53   0.0723487265909555
3   54   -0.1809103494735912
3   55   0.026687036221696048
3   56   -0.035251207595049676
3   57   -0.10522580462717963
3   58   -0.03772465061885755
3   59   0.06525165507991622
3   60   -0.04951713099477346
3   61   0.07839216451469498
3   62   0.0156569702670002
3   63   -0.08786637152222947
3   64   -0.026195547752630617
3   65   -0.0631390176848897
3   66   0.07992795344274332
3   67   -0.019529949791752616
3   68   0.02274448372403955
3   69   -0.058727798332227445
3   70   -0.14955641094395214
3   71   -0.06182335201630658
3   72   -0.07633932032293898
3   73   -0.15955617706007583
3   74   -0.01881154488302616
3   75   -0.025165217152563483
3   76   -0.12712142890534978
3   77   -0.00440321410461977
3   78   -0.0569003552133867
3   79   0.0
3   80   0.07938071568416993
3   81   -0.01689454550049085
3   82   0.05932697163644868
3   83   0.12039999081864333
4   0   0.009746644687257932
4   1   0.02233778848233277
4   2   0.0223543355909991
4   3   -0.05824807440726023
4   4   -0.11732657214458803
4   5   -0.10940401987576649
4   6   -0.07496892613931376
4   7   0.14374324554801968
4   8   -0.21388994922733928
4   9   -0.07933941920082355
4   10   -0.032760448858419514
4   11   0.06012187394935674
4   12   0.05026684515281419
4   13   0.027078517177567697
4   14   -0.1411966690965346
4   15   -0.02642216872068459
4   16   4.84073696487564e-05
4   17   -0.053101273909894664
4   18   -0.029234296919508185
4   19   -0.18946020902345173
4   20   -0.01468044516500547
4   21   0.025349668493074455
4   22   0.114919301022406
4   23   -0.10088001399371563
4   24   0.015541833897539123
4   25   -0.04085372314699112
4   26   -0.04076589219266291
4   27   -0.055814676561315175
4   28   0.047537898485896186
4   29   -0.010750009075689718
4   30   -0.06924391149090164
4   31   -0.031858010082134756
4   32   0.016350983498319555
4   33   -0.06226395656950224
4   34   -0.09809515558131084
4   35   -0.047577072251619015
4   36   0.08605731498558553
4   37   -0.04691880481411781
4   38   -0.02221491641046195
4   39   -0.1035858269762937
4   40   -0.000161203182268962
4   41   0.01350268043552477
4   42   -0.12929925497860664
4   43   -0.08033381032121906
4   44   -0.07078007376268054
4   45   -0.043043317204710274
4   46   -0.1436388956565026
4   47   0.09072843632638906
4   48   0.04763071906355247
4   49   0.1362771606198771
4   50   0.02856075965930442
4   51   -0.07028643653071158
4   52   -0.05745734596557728
4   53   -0.02196729703401585
4   54   0.06603342366984973
4   55   0.043736751789138766
4   56   -0.08378079223293519
4   57   0.019367637954271395
4   58   -0.04323762624219048
4   59   -0.0609450645000918
4   60   -0.10664848036166696
4   61   0.05083747037897557
4   62   -0.04317329250485419
4   63   -0.023882748358641737
4   64   -0.10251959754166985
4   65   -0.15621885319874543
4   66   0.0
4   67   0.19262636779701064
4   68   -0.010027707474606736
4   69   -0.09835119297218341
4   70   0.02440174156860603
4   71   -0.03474845705524487
4   72   -0.008946467080911548
4   73   -0.004595857322957721
4   74   -0.10475643691615714
4   75   -0.08689724416138828
4   76   0.09736820767469573
4   77   -0.0646736459799708
4   78   0.07980533854014632
4   79   0.0
4   80   0.10686199211939057
4   81   0.03766604805989281
4   82   -0.0735667052400966
4   83   0.007878174611127898
5   0   -0.1881141462236272
5   1   -0.05254761391632014
5   2   -0.1463322717361221
5   3   -0.06720243140025477
5   4   -0.10940401987576649
5   5   -0.058320682972350914
5   6   -0.09158575341028026
5   7   -0.06024400290219037
5   8   -0.06129282995901327
5   9   -0.08070882733661376
5   10   0.05707237258952153
5   11   -0.10592505032870761
5   12   0.005309898690094893
5   13   0.040212590798745736
5   14   -0.06786837527161409
5   15   0.016075378203493598
5   16   -0.23301874196795125
5   17   0.08770072444950561
5   18   0.021275545889154715
5   19   -0.05485059514628191
5   20   -0.034910127405021696
5   21   -0.038153716308971394
5   22   -0.12729292783675308
5   23   -0.15198750750554008
5   24   0.10738173423031083
5   25   0.05194105732440108
5   26   -0.1729955999556978
5   27   -0.09399426899034709
5   28   -0.005748226933017849
5   29   -0.09122992330404643
5   30   0.06027834145459495
5   31   -0.10255486904105574
5   32   0.06698859779667646
5   33   -0.0679839166473021
5   34   0.1884030862319221
5   35   -0.1026572107266856
5   36   -0.06759278465620076
5   37   -0.10235805641138888
5   38   0.08142050993457209
5   39   -0.06688228906170597
5   40   0.007558817016614915
5   41   0.079267913176089
5   42   -0.1426488985542869
5   43   0.08098196385268427
5   44   -0.018398651995334817
5   45   0.047562789379260846
5   46   -0.13562137587427328
5   47   -0.011671003415338681
5   48   0.018134969592936222
5   49   0.029137526979042597
5   50   -0.11414247091023151
5   51   -0.07671075391475539
5   52   -0.14953518745800035
5   53   -0.1849759632136142
5   54   -0.2738529784539449
5   55   -0.11261347293222246
5   56   -0.09838805163014211
5   57   -0.12164390419014154
5   58   -0.09317120451515706
5   59   0.007889675595803182
5   60   0.017901499077957364
5   61   0.11600321972890947
5   62   0.006659212529466466
5   63   -0.12702013490678207
5   64   -0.1780185084342831
5   65   -0.006103342262961129
5   66   -0.056365569381651125
5   67   -0.08542690267997763
5   68   -0.072966475856227
5   69   -0.07656650748167715
5   70   -0.04951938201664605
5   71   -0.21809437310507226
5   72   -0.05630198723096181
5   73   0.012128209279673516
5   74   0.026275221033559372
5   75   -0.09805639637217023
5   76   -0.05205063476913186
5   77   -0.16420125419216294
5   78   -0.06754471114259428
5   79   -0.08757822134664228
5   80   -0.07137094345592253
5   81   -0.12276443939007442
5   82   -0.15369212042500913
5   83   -0.06667440166963998
6   0   -0.12530953201014333
6   1   -0.024571032928977287
6   2   -0.15103718777477293
6   3   -0.0889510222022727
6   4   -0.07496892613931376
6   5   -0.09158575341028026
6   6   -0.07375069185589792
6   7   -0.08659997793839481
6   8   -0.04682374973014985
6   9   -0.0526447399125587
6   10   0.14778488775275497
6   11   -0.04568777646827372
6   12   0.13407862009227403
6   13   -0.04183244954199577
6   14   -0.07518343819900707
6   15   -0.1289660854771042
6   16   -0.13630390338468937
6   17   -0.02729369228981137
6   18   -0.10258626997386804
6   19   0.01225985115745126
6   20   -0.1349655640778182
6   21   -0.07728725303790365
6   22   -0.1939103568935772
6   23   -0.186976673456822
6   24   -0.01724085795181161
6   25   -0.12572902978605946
6   26   -0.08026706510887424
6   27   -0.15425235744619167
6   28   -0.09194664102684413
6   29   -0.11153960635607427
6   30   -0.03162091305163859
6   31   0.07166490324501344
6   32   -0.11287681091627627
6   33   -0.047721169960229674
6   34   -0.07966857422309831
6   35   -0.17440294246765914
6   36   -0.16399456457863093
6   37   -0.09130770523154853
6   38   -0.09257721580319793
6   39   -0.09216449863156692
6   40   -0.023613637184889322
6   41   0.038493181229664164
6   42   -0.14229742452546412
6   43   0.00033553711416484344
6   44   -0.13443370791972067
6   45   0.10107342528807525
6   46   -0.0730981375247098
6   47   0.03809373133432755
6   48   0.05342181426045661
6   49   -0.02947291976074458
6   50   0.09658557931426193
6   51   -0.04973480136885217
6   52   -0.042749851594119086
6   53   -0.13260048169834263
6   54   -0.08054743567049943
6   55   -0.024377471338555886
6   56   -0.16133776379082806
6   57   -0.12687004603242372
6   58   -0.15362217370043313
6   59   -0.005682104043342733
6   60   0.05208267010751695
6   61   0.048709719585790304
6   62   -0.11322428936671687
6   63   -0.06829107800467639
6   64   0.06353090534878995
6   65   -0.12849759531109298
6   66   -0.09076775329190247
6   67   0.0789318515732625
6   68   -0.06299549462611441
6   69   -0.09546662559102283
6   70   0.06078465832684779
6   71   0.004654537574418692
6   72   -0.09956999860625494
6   73   -0.06132733454270011
6   74   0.009746144967193759
6   75   -0.15716763635686068
6   76   -0.15638246438539766
6   77   -0.029731159181570606
6   78   2.5790625597421535e-05
6   79   0.02357874626560929
6   80   -0.2811732801657869
6   81   0.08769856788819501
6   82   0.0011835225656103778
6   83   0.08941153960432693
7   0   -0.10332368776147603
7   1   0.03844243867574148
7   2   -0.13141472203366486
7   3   -0.07079508107699112
7   4   0.14374324554801968
7   5   -0.06024400290219037
7   6   -0.08659997793839481
7   7   -0.04843001849619947
7   8   -0.06595456172156564
7   9   -0.013622558283160871
7   10   0.07416992411027166
7   11   -0.05296527842320707
7   12   0.018918952553273166
7   13   -0.011068709191359737
7   14   -0.07415914323535736
7   15   -0.20346028845284028
7   16   -0.17814368286657312
7   17   -0.09532717930551673
7   18   -0.1996894370999422
7   19   -0.04611594490070749
7   20   -0.08199289674181555
7   21   0.007537075356020862
7   22   -0.17346619175863878
7   23   -0.08801307181504367
7   24   0.0072679728104366485
7   25   -0.2331014535265642
7   26   -0.17808166390206226
7   27   -0.10105130103234965
7   28   -0.09126828201334819
7   29   -0.08594705054799213
7   30   0.019879940182812778
7   31   0.03146750819815223
7   32   0.034188666828829546
7   33   -0.0356492207538302
7   34   0.05686802215882103
7   35   -0.0876308153020842
7   36   -0.013705542258407838
7   37   -0.11437344460010142
7   38   -0.03893144875059496
7   39   -0.0782580672180189
7   40   -0.11081523418004453
7   41   -0.04761213197691209
7   42   -0.02491584135089782
7   43   -0.07208891084352306
7   44   -0.09828432758524705
7   45   0.037500325869844864
7   46   -0.07290795056615414
7   47   -0.01909596237070029
7   48   -0.0201217854588571
7   49   -0.10926700287930396
7   50   0.0019679057607596157
7   51   -0.07424594485552298
7   52   -0.08421670259550161
7   53   -0.10906073489710792
7   54   -0.14918916763141837
7   55   -0.15584420622901096
7   56   -0.13460897541703365
7   57   -0.15231039389148943
7   58   -0.1593520357053825
7   59   0.011591167105333573
7   60   -0.0908844856021467
7   61   -0.11771177636606972
7   62   -0.10547333237884264
7   63   -0.025795025585193383
7   64   0.03859430466095147
7   65   0.024167605491349047
7   66   -0.09481019860702507
7   67   -0.04170840314774567
7   68   -0.117957978488454
7   69   -0.1267191549542131
7   70   -0.03246309764964658
7   71   -0.08724690890007201
7   72   -0.11674890896925491
7   73   -0.06886333550959063
7   74   -0.17695720859037314
7   75   -0.09038972405384567
7   76   -0.0782918560150777
7   77   -0.060073941357143994
7   78   0.02127799831637777
7   79   0.07922482730594196
7   80   -0.14897963252544053
7   81   -0.028190650195120397
7   82   -0.19909262973181677
7   83   -0.03642386541923914
8   0   -0.06741304861827915
8   1   -0.06871436896860138
8   2   -0.004301764144243068
8   3   -0.050022805072035
8   4   -0.21388994922733928
8   5   -0.06129282995901327
8   6   -0.04682374973014985
8   7   -0.06595456172156564
8   8   -0.059827712638544465
8   9   0.005993046003281669
8   10   -0.13912777949261323
8   11   -0.005679752675854358
8   12   -0.05019236030901449
8   13   -0.012446428504701582
8   14   -0.09860140675893675
8   15   0.06545186754295959
8   16   -0.08504854164790684
8   17   -0.115420952847221
8   18   -0.19839173853812647
8   19   0.002274233687260231
8   20   -0.015325772362798447
8   21   -0.1258836114988811
8   22   -0.19572169439985695
8   23   -0.07085403874803586
8   24   -0.07387284158844831
8   25   -0.10795182605407008
8   26   -0.09621443716482563
8   27   -0.17770235348495855
8   28   -0.11159795821186319
8   29   -0.06313159635748068
8   30   0.1799659073673987
8   31   -0.08204701572048773
8   32   -0.12270836803349623
8   33   -0.08632003496163375
8   34   0.06091240634133952
8   35   -0.09196579877342
8   36   -0.09824582955360713
8   37   -0.10737892347584535
8   38   -0.02753444488550216
8   39   -0.07504707649683709
8   40   -0.014767304438485958
8   41   0.07281592130657784
8   42   -0.04992023839499226
8   43   -0.28340353651825173
8   44   -0.17637875197005973
8   45   0.08469052531438238
8   46   -0.014999119334865703
8   47   -0.04500373171948892
8   48   0.06716732311698724
8   49   0.103534779867525
8   50   -0.07038495951939702
8   51   -0.042804124867492015
8   52   -0.09187027638901343
8   53   0.06871550459242826
8   54   -0.0018003832244724912
8   55   -0.1214939170879683
8   56   0.025963856966856685
8   57   -0.09863728537241362
8   58   -0.07113462769808694
8   59   -0.04054636203275151
8   60   -0.05745861426689061
8   61   -0.04842296869911566
8   62   -0.023904834909097866
8   63   -0.07520947490464272
8   64   0.04700688890709133
8   65   -0.07622627384045108
8   66   -0.04415781188615619
8   67   0.1251616544230209
8   68   -0.029905940175248197
8   69   -0.14431001295145224
8   70   -0.10053723949859533
8   71   -0.06647861657137068
8   72   -0.00676411662054297
8   73   0.010428263558822632
8   74   -0.07735531920245539
8   75   -0.08621280148189353
8   76   -0.06845197966147887
8   77   -0.008912788018024266
8   78   -0.07625749847813822
8   79   -0.04481554093573672
8   80   -0.0877208112668893
8   81   -0.03238359992517535
8   82   0.060311261880108644
8   83   0.09484451500767048
9   0   0.009412715806443171
9   1   -0.07287193629259078
9   2   -0.1364399379585251
9   3   -0.07899602160469305
9   4   -0.07933941920082355
9   5   -0.08070882733661376
9   6   -0.0526447399125587
9   7   -0.013622558283160871
9   8   0.005993046003281669
9   9   -0.004960021563879612
9   10   0.09456546078205516
9   11   -0.12744115552644786
9   12   0.023956226609330958
9   13   0.0506220708869335
9   14   -0.11579930614788413
9   15   -0.1210700743796336
9   16   -0.05246997900404867
9   17   -0.10715959627180376
9   18   0.05819291529343389
9   19   -0.09983001858590815
9   20   0.1454630870365943
9   21   -0.019593560300870092
9   22   -0.05529617775313854
9   23   -0.10131200160059417
9   24   -0.1063490774497942
9   25   -0.060934196511455395
9   26   -0.005764407182432833
9   27   -0.05815461434295688
9   28   -0.003425536672256273
9   29   -0.11365154967023497
9   30   0.012454986264300676
9   31   -0.04332060821154903
9   32   -0.1082726533835169
9   33   -0.03312077001450808
9   34   -0.09282622254553866
9   35   -0.057988421105138487
9   36   0.00336096022813681
9   37   -0.044900296444933284
9   38   -0.07411826711586174
9   39   -0.011358961050847237
9   40   -0.04358337087488792
9   41   0.03992412305992457
9   42   -0.12057362136968013
9   43   0.03937007059780657
9   44   -0.08442195037834263
9   45   -0.0028918512390458465
9   46   -0.12286619322571818
9   47   -0.04171215142573486
9   48   0.03691868839667732
9   49   0.07288145129619288
9   50   -0.025560697703824947
9   51   -0.07301801044510843
9   52   -0.09705077258807245
9   53   -0.03407782108979268
9   54   -0.08916976119197956
9   55   -0.09163998738998368
9   56   0.026723170097659062
9   57   -0.10124110098828745
9   58   -0.03485581579110562
9   59   -0.01975393269796745
9   60   -0.03175935672081445
9   61   0.03728992895844114
9   62   -0.04434315703807761
9   63   0.058651261560362315
9   64   -0.034313681612194634
9   65   -0.06492419562991908
9   66   -0.012791448714346062
9   67   -0.08268739517781169
9   68   -0.01504625991269108
9   69   -0.03576788233055012
9   70   -0.03679269992484439
9   71   -0.1185625161460444
9   72   -0.05310033651672175
9   73   0.0396065399502936
9   74   0.007928410939792867
9   75   -0.04950503527292988
9   76   -0.10753682884817099
9   77   -0.1087779967531285
9   78   0.11256927072700432
9   79   0.0
9   80   -0.009908477965106828
9   81   -0.07853378218734704
9   82   -0.06828911532077811
9   83   0.014791997026454952
10   0   -0.049145408001746826
10   1   -0.06448473331799151
10   2   -0.0956042674534753
10   3   -0.05162729278659093
10   4   -0.032760448858419514
10   5   0.05707237258952153
10   6   0.14778488775275497
10   7   0.07416992411027166
10   8   -0.13912777949261323
10   9   0.09456546078205516
10   10   0.04076655105744328
10   11   0.161985991102567
10   12   -0.07131138062334183
10   13   0.020706259331297973
10   14   0.02042443594409391
10   15   -0.015860582501684355
10   16   -0.10371584561626068
10   17   -0.020863432841709398
10   18   -0.04715708283578061
10   19   0.0057576294363014145
10   20   -0.10844978032242202
10   21   0.045422946597803354
10   22   -0.13382436128975148
10   23   0.10513523103721013
10   24   -0.02044870828938878
10   25   -0.08004980233079745
10   26   -0.12123301576148456
10   27   -0.013634670042356547
10   28   0.03422029216623942
10   29   -0.08711545696687319
10   30   -0.08880105432343821
10   31   0.02156624366252047
10   32   -0.03261056695143337
10   33   0.06842278206938882
10   34   0.04483811798936076
10   35   -0.041125362366988286
10   36   0.010764911385057663
10   37   -0.021632401754198335
10   38   -0.039225557968270305
10   39   0.08171120427497623
10   40   0.1776788996501579
10   41   -0.02213474385347903
10   42   -0.034075404857683345
10   43   -0.010068726733754085
10   44   -0.12145836545644266
10   45   -0.04753532678223675
10   46   -0.1380147290885108
10   47   0.0756424284186966
10   48   -0.11557744514984788
10   49   -0.01618285531990258
10   50   -0.09044569434235399
10   51   0.007953774609830235
10   52   -0.12376291302106772
10   53   -0.09550441590131051
10   54   -0.06530827776497725
10   55   -0.16474018286337996
10   56   0.02409556516270817
10   57   -0.03055895413492802
10   58   -0.08670864384455684
10   59   -0.14543733082529312
10   60   -0.05530831654678628
10   61   0.006066688752189915
10   62   -0.08181093669320354
10   63   -0.10400846464272381
10   64   -0.05200188749549047
10   65   0.04842440028854209
10   66   -0.13785100116249155
10   67   -0.10155146245695036
10   68   -0.05810017619038713
10   69   0.15663068684561687
10   70   -0.03297565011338727
10   71   -0.04335409400170883
10   72   0.10382815015177933
10   73   0.03366754993673061
10   74   0.017540832463617845
10   75   -0.024538549929421373
10   76   -0.05173263704230989
10   77   0.07081782422418766
10   78   0.0702132245795736
10   79   -0.0896145756444646
10   80   0.00932115312481096
10   81   0.008389359681170602
10   82   0.09675015215657669
10   83   -0.11906616095279896
11   0   -0.07599959202739473
11   1   -0.014847850091415047
11   2   -0.04336796116604322
11   3   -0.12226264842871645
11   4   0.06012187394935674
11   5   -0.10592505032870761
11   6   -0.04568777646827372
11   7   -0.05296527842320707
11   8   -0.005679752675854358
11   9   -0.12744115552644786
11   10   0.161985991102567
11   11   -0.11028344075034802
11   12   -0.0023921540783335003
11   13   -0.046774682789441996
11   14   -0.013937005155607165
11   15   0.042711332988254795
11   16   -0.12311264534071047
11   17   -0.012337814011726423
11   18   -0.023229594604786002
11   19   -0.10912677342391147
11   20   0.0619714803359441
11   21   0.06650014993258443
11   22   -0.09352676956673521
11   23   -0.039892433587051086
11   24   0.0016108554796093921
11   25   -0.07273329992115941
11   26   0.1218098580214709
11   27   -0.12122923521209288
11   28   -0.11179764087461812
11   29   0.12070488915860964
11   30   0.1659627383059606
11   31   0.005160893159057698
11   32   0.07541235128416329
11   33   -0.05970726408175114
11   34   -0.04294738612118747
11   35   -0.09137107178469249
11   36   -0.05420134623471159
11   37   -0.11545365580792591
11   38   -0.16144476926324067
11   39   -0.0604079204993482
11   40   -0.1049203302086517
11   41   0.0466138628096475
11   42   -0.007176644443007099
11   43   -0.05832772743037027
11   44   -0.008031427645870485
11   45   -0.011998377904680205
11   46   -0.025105421819675493
11   47   0.14204745967949603
11   48   -0.08873999535401278
11   49   -0.037806980340620244
11   50   -0.065307293143566
11   51   -0.11175018602076954
11   52   -0.06938699499024613
11   53   0.0755778277815149
11   54   -0.002625614372295939
11   55   -0.015350295232536221
11   56   -0.14734386379362008
11   57   -0.16852820980249703
11   58   -0.04493290832723338
11   59   -0.08526789643355809
11   60   -0.04767292662100679
11   61   -0.006091723474085829
11   62   -0.06469094516646753
11   63   0.017321451781999647
11   64   -0.045487288214435685
11   65   -0.030320173050946655
11   66   0.0
11   67   0.006641625054720643
11   68   0.005797895415447286
11   69   -0.011650315491862441
11   70   -0.13763895232696102
11   71   -0.11865479460023662
11   72   -0.03608864094139752
11   73   -0.01466625583332351
11   74   0.11359534708894337
11   75   -0.030574923016518218
11   76   -0.08895900381532156
11   77   0.05327270733140371
11   78   -0.08862065799374852
11   79   -0.005503400794961476
11   80   -0.06395749602344787
11   81   -0.0043567063699578214
11   82   -0.14608629072625773
11   83   -0.04215783795395345
12   0   0.050323835206442354
12   1   0.0010034644136032163
12   2   -0.10350904368591037
12   3   0.06259758433366529
12   4   0.05026684515281419
12   5   0.005309898690094893
12   6   0.13407862009227403
12   7   0.018918952553273166
12   8   -0.05019236030901449
12   9   0.023956226609330958
12   10   -0.07131138062334183
12   11   -0.0023921540783335003
12   12   0.001512302324027724
12   13   -0.12311996583016471
12   14   0.15745712022508032
12   15   -0.12332960329062513
12   16   0.02135205905276957
12   17   -0.06236431323512841
12   18   -0.07216180840111915
12   19   0.08017301508519953
12   20   0.16014086009238324
12   21   0.03222209801739743
12   22   0.12843909258615283
12   23   0.009245651427135246
12   24   -0.06833814101767187
12   25   0.021440482088141342
12   26   -0.04073583381954278
12   27   0.09267183104206717
12   28   0.02443777097551629
12   29   0.0010754444453104617
12   30   -0.07197037328040787
12   31   -0.0041687454627505165
12   32   0.07380582281490378
12   33   0.17523145691199618
12   34   0.16544774629803558
12   35   -0.11282388076453019
12   36   -0.10327682747940059
12   37   0.07743750121161697
12   38   -0.1812718662818327
12   39   0.005196799631336347
12   40   -0.06166673770157047
12   41   -0.04955277967265196
12   42   0.11065168745889972
12   43   -0.01921764631500941
12   44   -0.13405742918999183
12   45   -0.022733043737413885
12   46   0.0761781067518138
12   47   -0.041012400535691815
12   48   0.050029658615224126
12   49   -0.03927235264901013
12   50   0.006846755776661554
12   51   -0.014548883770057685
12   52   -0.0075799085184411
12   53   -0.09766336966503637
12   54   0.03255415127651073
12   55   0.09760985090008914
12   56   -0.0010613437379613521
12   57   -0.009497561686144679
12   58   0.05232178810512559
12   59   0.08719318635609342
12   60   0.012433342051487082
12   61   -0.0076235927430939555
12   62   -0.07263180375931275
12   63   -0.14095078238460454
12   64   -0.08872554065357216
12   65   0.02663207890882942
12   66   -0.10326786726166731
12   67   -0.1043070365619645
12   68   0.0718121353414666
12   69   -0.06700674995439791
12   70   -0.029947914201129838
12   71   -0.1570408050854193
12   72   -0.09422667961740157
12   73   -0.008361319376449487
12   74   0.009945546193505154
12   75   -0.0012698282837612352
12   76   0.056506344555700666
12   77   0.004161465885206731
12   78   0.06012960436159659
12   79   -0.09469188641809383
12   80   0.01443460198365552
12   81   0.0657778769422135
12   82   -0.11268011104444614
12   83   -0.008731707321781126
13   0   -0.07019638800903194
13   1   -0.0725235839693793
13   2   -0.1588738516436203
13   3   0.00583090245938774
13   4   0.027078517177567697
13   5   0.040212590798745736
13   6   -0.04183244954199577
13   7   -0.011068709191359737
13   8   -0.012446428504701582
13   9   0.0506220708869335
13   10   0.020706259331297973
13   11   -0.046774682789441996
13   12   -0.12311996583016471
13   13   -0.04927643150739821
13   14   0.022780247096442736
13   15   0.04758645200833535
13   16   -0.16838245151100897
13   17   -0.10708409934531926
13   18   -0.18703386126872135
13   19   -0.012880759228552228
13   20   -0.10060311776477648
13   21   -0.09499702686479895
13   22   -0.1652833066838909
13   23   -0.07214149653301384
13   24   0.007862176812600204
13   25   -0.19636713571814923
13   26   -0.16664551031495842
13   27   -0.078267888582468
13   28   -0.09912000055435917
13   29   -0.06588019013904693
13   30   0.08662657955879255
13   31   0.028831282039599688
13   32   -0.08727980931258894
13   33   -0.07857829712798262
13   34   0.023202345661714877
13   35   -0.09286193695053478
13   36   -0.0764406317387646
13   37   -0.06514373996862871
13   38   -0.23653074770445226
13   39   -0.08104244790232458
13   40   -0.1489184267517889
13   41   0.04923910864626875
13   42   -0.023053840348890024
13   43   -0.25624235943386087
13   44   -0.12103287159341662
13   45   -0.05787756507225506
13   46   -0.05174390055982933
13   47   0.091239705689297
13   48   -0.114295871542507
13   49   -0.06437706804308464
13   50   0.09923383335197686
13   51   -0.03484504866516727
13   52   -0.11033553544608721
13   53   -0.06425814147298711
13   54   -0.053873675106362755
13   55   0.01411737699327742
13   56   -0.06291523824472531
13   57   0.01604283240828219
13   58   -0.10641945048619769
13   59   0.10803335166756674
13   60   0.02225209486488112
13   61   -0.03310005890425798
13   62   0.08468033913292473
13   63   -0.10799511827590012
13   64   -0.09133087155422968
13   65   -0.10569557050664334
13   66   0.040835022915584135
13   67   -0.01865410293457354
13   68   -0.06583691696518985
13   69   -0.05657195478135687
13   70   0.08808804383459225
13   71   -0.16605994294294665
13   72   -0.10179286270385375
13   73   0.055800012377186514
13   74   -0.05800551772843646
13   75   -0.08138925299061471
13   76   -0.06120731101938914
13   77   -0.026283848989626036
13   78   -0.05380194820594642
13   79   -0.07577021312337939
13   80   0.0820769308087746
13   81   -0.09148931593801733
13   82   -0.030284906891715868
13   83   -0.009039516819825982
14   0   -0.005510797367983371
14   1   -0.0231553735517768
14   2   -0.07136706388896022
14   3   -0.06162553142319064
14   4   -0.1411966690965346
14   5   -0.06786837527161409
14   6   -0.07518343819900707
14   7   -0.07415914323535736
14   8   -0.09860140675893675
14   9   -0.11579930614788413
14   10   0.02042443594409391
14   11   -0.013937005155607165
14   12   0.15745712022508032
14   13   0.022780247096442736
14   14   -0.05018939404824395
14   15   -0.11352695127795524
14   16   -0.11397902545679624
14   17   -0.08193344495397804
14   18   -0.0605563897298814
14   19   -0.10004214935170652
14   20   -0.03583441383778355
14   21   -0.1317825669118562
14   22   -0.06286600560619406
14   23   -0.12521893654484872
14   24   -0.09748244870276575
14   25   -0.016309221877670924
14   26   -0.08176353636748172
14   27   -0.17100011017390676
14   28   -0.0007476608465052053
14   29   0.13611251052194737
14   30   0.05868983222351927
14   31   -0.0985501132667478
14   32   -0.09793080437057947
14   33   0.010865781083772137
14   34   -0.05864687075324273
14   35   -0.1382056518834684
14   36   0.026513531592461424
14   37   -0.0984753519064086
14   38   -0.09365099607751799
14   39   -0.10705269451382433
14   40   -0.06703669973977258
14   41   -0.04528326055401148
14   42   -0.034292014325173995
14   43   -0.13122726329366846
14   44   -0.07702015262817513
14   45   -0.024582539099138337
14   46   -0.0906669667850592
14   47   0.06935449052029088
14   48   -0.04450833097873867
14   49   -0.11075060328442411
14   50   -0.03101096236914111
14   51   0.13925518874739892
14   52   -0.04418016601637171
14   53   -0.11817411992802748
14   54   0.03330084469622805
14   55   -0.058847374525129725
14   56   -0.028084793372391045
14   57   0.013785103767330205
14   58   0.005748428307770704
14   59   0.0486470607750342
14   60   -0.13481669945849167
14   61   -0.18708252926294375
14   62   0.05641282457287439
14   63   0.004648858973909147
14   64   -0.13483905345925193
14   65   -0.15761732984049076
14   66   0.12405517198512453
14   67   -0.026496849896396064
14   68   0.010160186889129529
14   69   -0.00941327332018299
14   70   -0.026107351146052026
14   71   -0.016492767187747566
14   72   0.03505574060998068
14   73   -0.03885812837651789
14   74   -0.03929157307521894
14   75   -0.007946845038026992
14   76   0.021060192353488272
14   77   -0.11394298194474466
14   78   0.07250007886705066
14   79   0.10675448985852361
14   80   -0.09669379622135724
14   81   0.05619057710798803
14   82   0.03334714556937995
14   83   -0.019270192447209063
15   0   0.03095634271295746
15   1   -0.13296311450190382
15   2   0.07223952963271094
15   3   -0.08839365678972749
15   4   -0.02642216872068459
15   5   0.016075378203493598
15   6   -0.1289660854771042
15   7   -0.20346028845284028
15   8   0.06545186754295959
15   9   -0.1210700743796336
15   10   -0.015860582501684355
15   11   0.042711332988254795
15   12   -0.12332960329062513
15   13   0.04758645200833535
15   14   -0.11352695127795524
15   15   -0.10533953779199404
15   16   -0.057930859022184616
15   17   -0.030020970465862305
15   18   0.04929843555116587
15   19   -0.0032840266098030724
15   20   -0.11108488794820123
15   21   -0.07708423876077225
15   22   -0.05246469125108837
15   23   -0.15708911977378978
15   24   0.008005357027418001
15   25   -0.11637812190911867
15   26   -0.08891168110777528
15   27   -0.15885044786780386
15   28   0.014129198208402265
15   29   -0.013187963312383675
15   30   -0.17710927783000555
15   31   -0.061305640016197316
15   32   -0.027533025582793007
15   33   -0.09117879318807257
15   34   -0.04373223381158416
15   35   -0.1965062851477918
15   36   -0.22703120124936294
15   37   -0.21452574007791086
15   38   -0.11882235711395853
15   39   -0.19306875315356156
15   40   0.058622813136415756
15   41   0.10326036780858054
15   42   -0.03499552382517338
15   43   -0.088364066264048
15   44   -0.18878376426794105
15   45   -0.07113223053598185
15   46   -0.002514624364240629
15   47   -0.054188389642815235
15   48   0.009491444471325753
15   49   0.05095265322406432
15   50   -0.008117018441842226
15   51   -0.15778117998440294
15   52   -0.0480297792992064
15   53   0.10481327797043154
15   54   0.06444169836567486
15   55   0.07489068361593647
15   56   -0.03871820874140929
15   57   0.010503127767507557
15   58   -0.09783062260951485
15   59   0.08171846314376796
15   60   -0.012251380192312786
15   61   0.15635771365692272
15   62   -0.04589952194630609
15   63   -0.008542098775547674
15   64   -0.09823856599744443
15   65   -0.09556961116964285
15   66   -0.06164069916442369
15   67   0.09294809351734169
15   68   -0.03557956248134822
15   69   -0.15907759190247672
15   70   -0.07435593483267973
15   71   -0.1573149368315422
15   72   -0.08264516720658992
